56276193.283093795, 2.2053357523416786, -0.22053357523416786, 0.22053357523416786
139855968.20662588, 2.921818072604082, -0.2921818072604082, 0.2921818072604082
117941503.26882653, 4.530177177119879, -0.4530177177119879, 0.4530177177119879
55519506.605235, 4.131825426302215, -0.4131825426302215, 0.4131825426302215
93563034.7471279, 4.668672286875697, -0.46686722868756975, 0.46686722868756975
123748290.93458174, 2.069373149601359, -0.2069373149601359, 0.2069373149601359
108986092.89517345, 4.438057794692433, -0.4438057794692434, 0.4438057794692434
111312301.54045223, 6.861519966448437, -0.6861519966448437, 0.6861519966448437
46541154.16726364, 5.6729277120840305, -0.567292771208403, 0.567292771208403
58706058.85413457, 3.412911640513308, -0.3412911640513308, 0.3412911640513308
89656613.56151073, 2.107392075797982, -0.21073920757979822, 0.21073920757979822
46685975.12533275, 6.241310143054017, -0.6241310143054017, 0.6241310143054017
32522114.559225544, 3.0606045089591682, -0.3060604508959168, 0.3060604508959168
65058638.10423834, 3.1020586174223688, -0.3102058617422369, 0.3102058617422369
62357144.48546527, 2.069759371837431, -0.2069759371837431, 0.2069759371837431
81950870.80388534, 2.1431647119202326, -0.21431647119202327, 0.21431647119202327
16052933.104215635, 3.0110628645150466, -0.30110628645150467, 0.30110628645150467
16972681.300265506, 2.86396267521018, -0.28639626752101804, 0.28639626752101804
91518426.83314666, 2.1921450625856056, -0.21921450625856057, 0.21921450625856057
62204803.177130304, 5.54449011109295, -0.554449011109295, 0.554449011109295
117206577.28080359, 6.1056170043712035, -0.6105617004371204, 0.6105617004371204
84783967.56290142, 3.162346763280935, -0.3162346763280935, 0.3162346763280935
25451273.47971698, 4.486218347942348, -0.4486218347942348, 0.4486218347942348
81139423.80142753, 2.1063216249935226, -0.21063216249935227, 0.21063216249935227
110614024.33816133, 2.4296643996678506, -0.24296643996678507, 0.24296643996678507
111361406.34752008, 4.996809719629718, -0.49968097196297184, 0.49968097196297184
33292488.43924658, 3.458703479443708, -0.3458703479443708, 0.3458703479443708
132748138.21636374, 2.8090455698844496, -0.28090455698844496, 0.28090455698844496
57848201.54931073, 3.9069511593949735, -0.39069511593949735, 0.39069511593949735
86031484.5065246, 3.766801349933922, -0.3766801349933922, 0.3766801349933922
69033401.0025283, 4.1569861633585, -0.41569861633585004, 0.41569861633585004
128943806.28576408, 4.209802644638324, -0.4209802644638324, 0.4209802644638324
53484716.74105281, 4.001466987312385, -0.40014669873123854, 0.40014669873123854
107031863.83458766, 3.359568255883287, -0.33595682558832873, 0.33595682558832873
104016765.07047, 6.2638258631748425, -0.6263825863174843, 0.6263825863174843
119946364.1615197, 4.689266760054, -0.46892667600540006, 0.46892667600540006
10015051.849188715, 2.083540250208676, -0.20835402502086764, 0.20835402502086764
12134406.41126297, 3.0297578842714903, -0.30297578842714906, 0.30297578842714906
85090610.27064785, 4.849189923720797, -0.4849189923720797, 0.4849189923720797
47262868.68909093, 2.39742944445579, -0.23974294444557903, 0.23974294444557903
100134083.10555327, 4.342007338016368, -0.4342007338016369, 0.4342007338016369
88484029.27179614, 3.005633650022856, -0.30056336500228564, 0.30056336500228564
42444679.84420211, 4.602926024960187, -0.4602926024960187, 0.4602926024960187
133533591.26633778, 4.529976269560404, -0.4529976269560404, 0.4529976269560404
39578790.38669202, 1.902023737598507, -0.19020237375985072, 0.19020237375985072
74143113.29258808, 5.246697568369508, -0.5246697568369508, 0.5246697568369508
69886908.61516851, 5.637365510568503, -0.5637365510568503, 0.5637365510568503
136586558.6019609, 3.190586780911652, -0.3190586780911652, 0.3190586780911652
59440832.722777225, 2.3909402670953885, -0.23909402670953886, 0.23909402670953886
42589524.68475987, 2.837990960922328, -0.2837990960922328, 0.2837990960922328
55734281.327576235, 4.90154786211378, -0.49015478621137804, 0.49015478621137804
131700869.76774032, 1.9978408669939351, -0.19978408669939351, 0.19978408669939351
10132278.820570633, 5.9248793062591965, -0.5924879306259196, 0.5924879306259196
51804916.91664614, 2.457062777262297, -0.2457062777262297, 0.2457062777262297
9863991.667836683, 3.622347473370914, -0.36223474733709143, 0.36223474733709143
59829168.70669599, 3.810238852883678, -0.38102388528836784, 0.38102388528836784
19204604.486290973, 4.7804841571855405, -0.47804841571855405, 0.47804841571855405
97017403.46563216, 2.6201654526095606, -0.2620165452609561, 0.2620165452609561
28202583.738880176, 5.2654414059760075, -0.5265441405976008, 0.5265441405976008
55929201.44210384, 4.699206135884319, -0.46992061358843196, 0.46992061358843196
45511868.90750343, 2.56342689085913, -0.256342689085913, 0.256342689085913
52138644.59245204, 4.392652159353523, -0.43926521593535234, 0.43926521593535234
53100774.14023117, 3.3505406863360916, -0.3350540686336092, 0.3350540686336092
32232019.475035332, 3.6300715905097656, -0.3630071590509766, 0.3630071590509766
10448303.346823458, 5.861784566602801, -0.5861784566602801, 0.5861784566602801
126135829.43565549, 3.21098864036916, -0.321098864036916, 0.321098864036916
54414968.39661679, 6.639083490604642, -0.6639083490604643, 0.6639083490604643
88141006.17190267, 7.618910604768683, -0.7618910604768683, 0.7618910604768683
78052303.3713028, 2.1066554872198635, -0.21066554872198637, 0.21066554872198637
132447663.13493578, 3.2070161285747645, -0.32070161285747645, 0.32070161285747645
10155185.541990971, 3.0872064714079013, -0.30872064714079017, 0.30872064714079017
127728121.9140038, 5.796104461733067, -0.5796104461733067, 0.5796104461733067
78597229.76067634, 3.1193239470550345, -0.3119323947055035, 0.3119323947055035
52708860.58735385, 5.318187079446612, -0.5318187079446612, 0.5318187079446612
96299727.19318816, 5.364441083920397, -0.5364441083920397, 0.5364441083920397
85359808.76189545, 4.177381759320424, -0.41773817593204243, 0.41773817593204243
122086361.07781917, 4.462419766897406, -0.4462419766897406, 0.4462419766897406
41200810.300554484, 2.920871563593379, -0.2920871563593379, 0.2920871563593379
109798992.67883155, 4.279323971879478, -0.42793239718794784, 0.42793239718794784
119976467.85886776, 3.6967835200988697, -0.36967835200988697, 0.36967835200988697
111837861.1370628, 6.4340855694672365, -0.6434085569467237, 0.6434085569467237
107314529.15034854, 1.9000425702172636, -0.19000425702172638, 0.19000425702172638
92416267.27681215, 4.480208152370539, -0.4480208152370539, 0.4480208152370539
18492346.030332528, 6.718374749724111, -0.6718374749724112, 0.6718374749724112
63840840.91977898, 2.149859525815297, -0.2149859525815297, 0.2149859525815297
14718294.255468257, 4.926383956487874, -0.4926383956487874, 0.4926383956487874
17965503.31841082, 3.648444905568706, -0.3648444905568706, 0.3648444905568706
97306878.91803905, 3.5616540535624597, -0.35616540535624597, 0.35616540535624597
107891691.26537564, 4.337372235977394, -0.4337372235977395, 0.4337372235977395
130716888.05623558, 3.195695180571316, -0.31956951805713163, 0.31956951805713163
128247328.64556047, 4.4777958005661, -0.44777958005661, 0.44777958005661
59606264.108123295, 4.764622658720576, -0.47646226587205764, 0.47646226587205764
120831557.77389146, 3.1063601625926824, -0.3106360162592683, 0.3106360162592683
21682640.223653134, 3.8289198314128106, -0.3828919831412811, 0.3828919831412811
100977861.56465217, 6.254870177011646, -0.6254870177011647, 0.6254870177011647
22897436.06493601, 3.174199831122859, -0.3174199831122859, 0.3174199831122859
24460941.928128503, 4.48164743665816, -0.44816474366581605, 0.44816474366581605
136668166.6070715, 2.3911231050831754, -0.23911231050831755, 0.23911231050831755
89083456.71677865, 2.0400504038140914, -0.20400504038140915, 0.20400504038140915
60076517.89592337, 3.0622475431315697, -0.306224754313157, 0.306224754313157
133258148.55216424, 4.14797964825372, -0.41479796482537207, 0.41479796482537207
3001066.823623368, 6.2406702007012145, -0.6240670200701215, 0.6240670200701215
60929303.72211343, 1.8466585138256733, -0.18466585138256733, 0.18466585138256733
47822297.68472137, 1.8199664474399402, -0.18199664474399402, 0.18199664474399402
103394193.09266368, 5.007141169403107, -0.5007141169403108, 0.5007141169403108
20707464.24015662, 2.288552835576296, -0.2288552835576296, 0.2288552835576296
2492607.7421833635, 4.442637885404247, -0.44426378854042475, 0.44426378854042475
40542464.28907095, 3.5445470354975086, -0.3544547035497509, 0.3544547035497509
12299498.19182129, 8.3076909001895, -0.8307690900189502, 0.8307690900189502
46091682.57073716, 3.977151996017028, -0.3977151996017028, 0.3977151996017028
60216428.456568986, 3.1366633022981225, -0.3136663302298123, 0.3136663302298123
83845898.75473054, 2.222112362549921, -0.2222112362549921, 0.2222112362549921
54108646.54596908, 2.740657473717154, -0.2740657473717154, 0.2740657473717154
125690264.93484588, 4.096421101734065, -0.4096421101734065, 0.4096421101734065
105330463.09011278, 3.4480837708341983, -0.3448083770834198, 0.3448083770834198
24980381.230715636, 5.238406697613502, -0.5238406697613502, 0.5238406697613502
48619768.733622715, 2.764321030220427, -0.2764321030220427, 0.2764321030220427
87058080.91324481, 3.9480308608928794, -0.39480308608928794, 0.39480308608928794
76867415.83460726, 5.984310142440383, -0.5984310142440383, 0.5984310142440383
96655802.07339403, 4.85501453440983, -0.485501453440983, 0.485501453440983
72746210.43816614, 4.933118026879801, -0.49331180268798014, 0.49331180268798014
41654315.97439981, 2.462592287380011, -0.2462592287380011, 0.2462592287380011
82842278.41799572, 5.026615867945741, -0.5026615867945741, 0.5026615867945741
76563341.64138332, 2.607005418781274, -0.2607005418781274, 0.2607005418781274
108614261.60122097, 2.3663000649743786, -0.23663000649743787, 0.23663000649743787
92538574.55747277, 5.091306789204763, -0.5091306789204764, 0.5091306789204764
45825279.93780226, 2.3123953352538176, -0.23123953352538176, 0.23123953352538176
11837064.307951795, 2.68822915621689, -0.268822915621689, 0.268822915621689
57328424.510227285, 5.0836226648769385, -0.5083622664876939, 0.5083622664876939
44630175.78925973, 5.364750411561508, -0.5364750411561509, 0.5364750411561509
8065944.069312941, 6.981873941700686, -0.6981873941700686, 0.6981873941700686
56554662.834433824, 3.4151504327759428, -0.3415150432775943, 0.3415150432775943
4368157.112542893, 2.3589644714338514, -0.23589644714338515, 0.23589644714338515
108692666.44986658, 5.186451272340088, -0.5186451272340088, 0.5186451272340088
127998253.018532, 5.588365730644828, -0.5588365730644828, 0.5588365730644828
16786709.75045361, 3.3261488571523596, -0.332614885715236, 0.332614885715236
51983131.17040346, 2.6183508658681345, -0.2618350865868135, 0.2618350865868135
81644277.37945135, 8.10587318735627, -0.8105873187356271, 0.8105873187356271
3195807.510990064, 5.3494725880622225, -0.5349472588062223, 0.5349472588062223
4518369.272187292, 5.821946538538038, -0.5821946538538038, 0.5821946538538038
55071982.66707154, 3.230152395127529, -0.3230152395127529, 0.3230152395127529
113946493.13774323, 2.3637019432248767, -0.23637019432248768, 0.23637019432248768
97909940.62906471, 2.6487701023251065, -0.26487701023251065, 0.26487701023251065
61395132.92394732, 5.144331234533684, -0.5144331234533684, 0.5144331234533684
7108814.093353192, 4.829496586273458, -0.48294965862734585, 0.48294965862734585
131297213.86038104, 1.9609781178971775, -0.19609781178971775, 0.19609781178971775
43528483.27214418, 3.4210334962798963, -0.34210334962798966, 0.34210334962798966
7079420.58432418, 3.7614413952115426, -0.3761441395211543, 0.3761441395211543
104388243.4827209, 2.304730257477973, -0.2304730257477973, 0.2304730257477973
105704609.6642761, 7.4679039962339395, -0.746790399623394, 0.746790399623394
117481777.66651474, 6.83600111768883, -0.683600111768883, 0.683600111768883
63220459.69432266, 2.9373076109662577, -0.29373076109662577, 0.29373076109662577
124045748.68136945, 6.669535996181074, -0.6669535996181075, 0.6669535996181075
9925643.027654266, 3.00274765606606, -0.30027476560660604, 0.30027476560660604
35813784.32370052, 5.166134673981558, -0.5166134673981558, 0.5166134673981558
113023391.42599164, 5.021394208160433, -0.5021394208160433, 0.5021394208160433
52081481.20414776, 3.3877678054232097, -0.33877678054232097, 0.33877678054232097
121338908.07484718, 2.895826587701722, -0.2895826587701722, 0.2895826587701722
30351753.18166666, 1.8440584031225622, -0.18440584031225624, 0.18440584031225624
48398584.531685606, 4.945610809481406, -0.4945610809481406, 0.4945610809481406
31355916.841182586, 3.6984513035386306, -0.36984513035386307, 0.36984513035386307
108700896.95769705, 4.148546308520207, -0.41485463085202073, 0.41485463085202073
135804782.54330984, 5.505773124312141, -0.5505773124312141, 0.5505773124312141
109775037.9440902, 1.945588553866933, -0.19455885538669332, 0.19455885538669332
85847423.97284502, 3.195497899818662, -0.31954978998186623, 0.31954978998186623
99230959.46479304, 1.9650964835959563, -0.19650964835959564, 0.19650964835959564
26143982.70872176, 7.182838457922406, -0.7182838457922407, 0.7182838457922407
18244105.308879964, 2.017831878075533, -0.2017831878075533, 0.2017831878075533
126429021.74459699, 8.237299044558098, -0.8237299044558098, 0.8237299044558098
9043923.622276613, 2.814622080001369, -0.28146220800013694, 0.28146220800013694
11545242.6685154, 5.607457792979598, -0.5607457792979598, 0.5607457792979598
117488344.75355566, 1.9794423318068088, -0.19794423318068088, 0.19794423318068088
108689693.66043858, 3.0631482235381, -0.30631482235381, 0.30631482235381
105488525.56515847, 7.820060400032107, -0.7820060400032107, 0.7820060400032107
94515640.04216476, 2.720379598101725, -0.2720379598101725, 0.2720379598101725
113901641.13570496, 7.04878398202549, -0.704878398202549, 0.704878398202549
29844925.04947954, 2.925819333971159, -0.2925819333971159, 0.2925819333971159
17738753.86423023, 2.2067622486131264, -0.22067622486131266, 0.22067622486131266
113498708.67875102, 2.264871924038155, -0.22648719240381554, 0.22648719240381554
126029151.3129692, 6.907774496014657, -0.6907774496014657, 0.6907774496014657
113479434.17580779, 7.747382979110126, -0.7747382979110127, 0.7747382979110127
74154952.4007271, 2.234355494153041, -0.2234355494153041, 0.2234355494153041
79796558.23281825, 1.8464753936253637, -0.1846475393625364, 0.1846475393625364
16927052.572041977, 3.8799897282512075, -0.38799897282512075, 0.38799897282512075
23091783.192964714, 2.8893015921509324, -0.28893015921509324, 0.28893015921509324
18498051.1493488, 3.638833219058128, -0.36388332190581285, 0.36388332190581285
24026381.29990837, 3.106860162494976, -0.3106860162494976, 0.3106860162494976
12782018.388105556, 3.36095015910611, -0.33609501591061103, 0.33609501591061103
128846361.74623938, 2.7806391702769018, -0.2780639170276902, 0.2780639170276902
2985709.141902028, 3.6625777216744377, -0.3662577721674438, 0.3662577721674438
127991958.66079393, 4.131136730460222, -0.4131136730460222, 0.4131136730460222
56474131.26991362, 4.8278133915080454, -0.48278133915080457, 0.48278133915080457
113343669.66628137, 3.1652723000775644, -0.31652723000775645, 0.31652723000775645
128237173.97297548, 3.013636566075254, -0.30136365660752545, 0.30136365660752545
54731877.65319025, 2.5348055758986625, -0.25348055758986626, 0.25348055758986626
10506262.649919335, 2.9699939353208546, -0.2969993935320855, 0.2969993935320855
112186918.15872505, 5.051756364839541, -0.5051756364839541, 0.5051756364839541
23789273.03810055, 2.270704087857104, -0.22707040878571041, 0.22707040878571041
92572875.78989281, 3.029852236073938, -0.3029852236073938, 0.3029852236073938
10278862.95325009, 2.443364757437396, -0.2443364757437396, 0.2443364757437396
135488477.81952664, 3.1913027419858127, -0.3191302741985813, 0.3191302741985813
26103810.730233848, 5.4515479100536375, -0.5451547910053638, 0.5451547910053638
2936201.012418186, 3.2570194138767605, -0.32570194138767605, 0.32570194138767605
13809015.91293569, 5.421908864511146, -0.5421908864511147, 0.5421908864511147
80085108.37365039, 3.3796904160314143, -0.33796904160314145, 0.33796904160314145
123825682.86534315, 4.135879655248634, -0.41358796552486343, 0.41358796552486343
33108600.721386585, 3.50986928728651, -0.350986928728651, 0.350986928728651
41333427.5361218, 3.315516572518862, -0.3315516572518862, 0.3315516572518862
82050880.26901758, 3.0057710537307796, -0.30057710537307797, 0.30057710537307797
22247672.029421635, 5.524316822302843, -0.5524316822302844, 0.5524316822302844
125532812.08650732, 3.928871295291582, -0.3928871295291582, 0.3928871295291582
55246864.98544394, 2.0363796117949984, -0.20363796117949984, 0.20363796117949984
78911952.85267675, 3.798521977151946, -0.37985219771519463, 0.37985219771519463
99712490.14657602, 3.275590912169473, -0.3275590912169473, 0.3275590912169473
138488294.04886758, 1.8716053177928669, -0.1871605317792867, 0.1871605317792867
68329699.2321491, 2.45142564938069, -0.24514256493806902, 0.24514256493806902
122239653.29131302, 3.9387166778067653, -0.39387166778067656, 0.39387166778067656
33807477.545078896, 6.822277470412003, -0.6822277470412004, 0.6822277470412004
22989175.55502944, 5.449776364309932, -0.5449776364309933, 0.5449776364309933
61211053.965541154, 4.447328223331439, -0.44473282233314393, 0.44473282233314393
114439638.80431293, 5.337088588927019, -0.5337088588927019, 0.5337088588927019
37683760.110821106, 5.512056516178475, -0.5512056516178475, 0.5512056516178475
106210991.425874, 4.690174090026973, -0.46901740900269734, 0.46901740900269734
6708671.310782958, 4.729991454091046, -0.4729991454091046, 0.4729991454091046
72006656.2646967, 3.2796612948603627, -0.3279661294860363, 0.3279661294860363
54944476.34730382, 4.180456553932382, -0.41804565539323824, 0.41804565539323824
36721969.042440414, 5.188086555858801, -0.5188086555858801, 0.5188086555858801
46028859.21451926, 2.8623091491627903, -0.28623091491627906, 0.28623091491627906
60254848.20882372, 2.881974693188615, -0.28819746931886153, 0.28819746931886153
133698422.99942553, 2.1319733551062106, -0.21319733551062106, 0.21319733551062106
92868492.96718936, 1.8091349653759656, -0.18091349653759659, 0.18091349653759659
111565455.07005312, 4.929780443050753, -0.4929780443050753, 0.4929780443050753
119796370.83756694, 5.086596972657581, -0.5086596972657581, 0.5086596972657581
55263463.23258403, 1.8997522600227457, -0.18997522600227457, 0.18997522600227457
100471105.85297161, 3.4564164365939565, -0.34564164365939565, 0.34564164365939565
97668251.66737713, 4.800586337769366, -0.48005863377693664, 0.48005863377693664
9650606.050479028, 2.827324125474611, -0.2827324125474611, 0.2827324125474611
51119217.43019035, 4.580248752586044, -0.45802487525860447, 0.45802487525860447
20755627.024040084, 4.973755600045749, -0.4973755600045749, 0.4973755600045749
64666595.19622396, 5.709634429734362, -0.5709634429734363, 0.5709634429734363
124445045.9812229, 2.0116107600391637, -0.2011610760039164, 0.2011610760039164
22681851.215561055, 3.53542009471957, -0.353542009471957, 0.353542009471957
38756714.717225984, 2.9374239014444683, -0.29374239014444686, 0.29374239014444686
47929895.06215553, 5.033447473504456, -0.5033447473504457, 0.5033447473504457
116194659.94936004, 2.8776251525517385, -0.2877625152551739, 0.2877625152551739
78755241.36394435, 1.83797899280007, -0.183797899280007, 0.183797899280007
77498706.60878494, 3.5790541089602397, -0.357905410896024, 0.357905410896024
139846641.82499543, 5.600178543922343, -0.5600178543922344, 0.5600178543922344
31777768.670495644, 2.6417298451965046, -0.2641729845196505, 0.2641729845196505
101322200.34534466, 4.64781525115222, -0.4647815251152221, 0.4647815251152221
69217101.49548844, 4.190711462577514, -0.41907114625775144, 0.41907114625775144
40293703.11493971, 3.128242091107948, -0.31282420911079484, 0.31282420911079484
81340375.68975624, 3.169789182424178, -0.31697891824241786, 0.31697891824241786
44329627.253732786, 2.636036562138846, -0.2636036562138846, 0.2636036562138846
73284107.61982073, 3.8189449556651516, -0.38189449556651517, 0.38189449556651517
50076491.31300978, 9.162926338732355, -0.9162926338732356, 0.9162926338732356
116883173.88435888, 3.083683860992868, -0.3083683860992868, 0.3083683860992868
20466662.24904046, 5.5010268810493095, -0.550102688104931, 0.550102688104931
20392964.12848664, 6.167844682379693, -0.6167844682379693, 0.6167844682379693
133681582.84887466, 3.7625237841738253, -0.37625237841738257, 0.37625237841738257
81188216.57526681, 3.9881984864498623, -0.39881984864498626, 0.39881984864498626
76271212.47571053, 2.433007955185529, -0.24330079551855288, 0.24330079551855288
58000612.31941758, 2.9487756578145348, -0.29487756578145347, 0.29487756578145347
115225168.69261234, 2.1412955125211415, -0.21412955125211416, 0.21412955125211416
79429636.12452549, 3.388925988658966, -0.3388925988658966, 0.3388925988658966
22887224.296187207, 5.00110182795801, -0.500110182795801, 0.500110182795801
58138007.19828186, 2.8098763081909226, -0.2809876308190923, 0.2809876308190923
41118793.921530716, 1.9916372912782538, -0.1991637291278254, 0.1991637291278254
32000558.15081858, 4.51517310660745, -0.451517310660745, 0.451517310660745
121366207.84567769, 1.8186457130243423, -0.18186457130243425, 0.18186457130243425
69806243.40534715, 4.853252437524624, -0.48532524375246244, 0.48532524375246244
114496826.82377894, 2.985597616310739, -0.29855976163107395, 0.29855976163107395
34208655.28739699, 3.2172330409119496, -0.321723304091195, 0.321723304091195
79000949.06079139, 5.744885773211653, -0.5744885773211653, 0.5744885773211653
44464882.611482635, 2.1869408011355524, -0.21869408011355526, 0.21869408011355526
21173164.424860206, 3.441169753342362, -0.34411697533423624, 0.34411697533423624
109312714.76711906, 3.265982621199841, -0.3265982621199841, 0.3265982621199841
111663831.95665064, 2.659595226378697, -0.2659595226378697, 0.2659595226378697
330443.188588995, 5.276755393470966, -0.5276755393470965, 0.5276755393470965
19682378.454426028, 5.2868087259615315, -0.5286808725961532, 0.5286808725961532
106330633.3914791, 2.8788798369723776, -0.2878879836972378, 0.2878879836972378
110441189.16559358, 2.893232172751242, -0.2893232172751242, 0.2893232172751242
84934549.68083166, 3.6612705855812884, -0.3661270585581289, 0.3661270585581289
23239006.370138507, 2.727304057453512, -0.2727304057453512, 0.2727304057453512
42308481.52602189, 3.798092615350223, -0.3798092615350223, 0.3798092615350223
109829525.61597586, 3.4257376247935216, -0.3425737624793522, 0.3425737624793522
62795352.285458654, 4.283044787388626, -0.42830447873886257, 0.42830447873886257
113290603.77115363, 4.8330439247186, -0.4833043924718601, 0.4833043924718601
126671869.35621049, 3.5472859628863946, -0.3547285962886395, 0.3547285962886395
89840027.73441133, 2.849464919296162, -0.28494649192961624, 0.28494649192961624
51667939.33868392, 6.2085215964196045, -0.6208521596419605, 0.6208521596419605
71636504.7938383, 4.874104993181255, -0.48741049931812547, 0.48741049931812547
88416683.26473564, 3.1292384960123534, -0.31292384960123537, 0.31292384960123537
79236757.26406537, 8.823681444443107, -0.8823681444443108, 0.8823681444443108
111203722.45705943, 5.156627186688982, -0.5156627186688982, 0.5156627186688982
22819192.330010716, 6.828717751812922, -0.6828717751812923, 0.6828717751812923
83312034.37073752, 4.39093297573173, -0.43909329757317306, 0.43909329757317306
86548694.30479169, 4.4879625865849775, -0.44879625865849776, 0.44879625865849776
130881721.12008464, 2.252138814177952, -0.22521388141779522, 0.22521388141779522
124115109.23483703, 4.036378169272578, -0.40363781692725786, 0.40363781692725786
37114984.64475195, 4.492897436399328, -0.44928974363993285, 0.44928974363993285
119760505.1156942, 5.429789432283062, -0.5429789432283062, 0.5429789432283062
30820435.919124153, 3.123983447658969, -0.3123983447658969, 0.3123983447658969
22107568.027175117, 2.5555612726365693, -0.25555612726365695, 0.25555612726365695
73066988.93969235, 3.463128116120262, -0.3463128116120262, 0.3463128116120262
73381966.99500665, 3.5040577850300547, -0.35040577850300547, 0.35040577850300547
63002405.50146564, 4.665525541304604, -0.4665525541304605, 0.4665525541304605
32133874.081192613, 3.5127035278057432, -0.35127035278057434, 0.35127035278057434
113739253.54070152, 2.2312468257833338, -0.2231246825783334, 0.2231246825783334
48623883.59884895, 6.252109660101887, -0.6252109660101888, 0.6252109660101888
133691451.96136448, 4.048273388973649, -0.4048273388973649, 0.4048273388973649
81000325.27643386, 3.316519761307227, -0.3316519761307227, 0.3316519761307227
126080094.30078354, 6.141722852925369, -0.614172285292537, 0.614172285292537
87838650.14610747, 2.8886406942880285, -0.2888640694288029, 0.2888640694288029
45599436.214927256, 7.110652640903703, -0.7110652640903704, 0.7110652640903704
102548394.66805284, 5.065619660350571, -0.5065619660350572, 0.5065619660350572
10985682.412271509, 2.35163817090704, -0.235163817090704, 0.235163817090704
98656091.90359767, 6.0314674420172345, -0.6031467442017235, 0.6031467442017235
52782578.69887725, 5.482739719624141, -0.5482739719624141, 0.5482739719624141
57370226.05957352, 3.2619747564572337, -0.3261974756457234, 0.3261974756457234
73545080.98038243, 2.3021713050364925, -0.23021713050364925, 0.23021713050364925
130850282.77456771, 9.388556639153137, -0.9388556639153137, 0.9388556639153137
21243351.570898596, 2.8688761507182683, -0.28688761507182686, 0.28688761507182686
108336289.37357786, 3.497036676144055, -0.3497036676144055, 0.3497036676144055
84059286.067458, 4.1059733721968765, -0.41059733721968766, 0.41059733721968766
127342484.18331444, 2.083790552224266, -0.2083790552224266, 0.2083790552224266
111190376.43714865, 6.021784860622197, -0.6021784860622197, 0.6021784860622197
66165527.73526377, 7.616410943785613, -0.7616410943785614, 0.7616410943785614
87870025.41327122, 4.304463871145745, -0.4304463871145745, 0.4304463871145745
89381619.67801636, 2.1042327113493062, -0.21042327113493065, 0.21042327113493065
29902021.635822967, 2.7655103774760743, -0.2765510377476074, 0.2765510377476074
103030581.53649233, 7.529102791938674, -0.7529102791938674, 0.7529102791938674
124624639.6596191, 1.9105311439772064, -0.19105311439772066, 0.19105311439772066
41621066.35751108, 3.1062629960517794, -0.31062629960517796, 0.31062629960517796
139564359.17100218, 7.287220297179343, -0.7287220297179343, 0.7287220297179343
56923629.30147179, 3.3802439876834316, -0.33802439876834317, 0.33802439876834317
95402575.09320128, 4.170388526602664, -0.4170388526602664, 0.4170388526602664
83676026.94931279, 4.452411547586051, -0.4452411547586051, 0.4452411547586051
121744132.65669203, 3.3522260410384153, -0.3352226041038415, 0.3352226041038415
91585845.04884942, 3.9310821810330014, -0.39310821810330016, 0.39310821810330016
60994344.47024277, 4.634873494727697, -0.4634873494727697, 0.4634873494727697
22228452.02133103, 2.7828005227551995, -0.27828005227551994, 0.27828005227551994
100742939.86201034, 4.2596127674563355, -0.42596127674563355, 0.42596127674563355
69172865.89458115, 2.803066426851715, -0.2803066426851715, 0.2803066426851715
110530310.45216893, 4.232616622948366, -0.42326166229483664, 0.42326166229483664
79481794.16606611, 4.103935098714014, -0.4103935098714014, 0.4103935098714014
81587436.46484813, 6.2361276063181315, -0.6236127606318131, 0.6236127606318131
115662150.32217634, 3.3420479701007353, -0.33420479701007355, 0.33420479701007355
60296987.950363986, 4.67922141515438, -0.46792214151543804, 0.46792214151543804
72941121.32849593, 2.825060651015763, -0.28250606510157633, 0.28250606510157633
52348506.894429155, 3.822937556021306, -0.38229375560213064, 0.38229375560213064
13917655.608976565, 6.997970617900912, -0.6997970617900913, 0.6997970617900913
130017794.30871363, 9.289239688170051, -0.9289239688170051, 0.9289239688170051
82683032.67765744, 3.2548422300490967, -0.3254842230049097, 0.3254842230049097
44541509.68235695, 5.595882416145831, -0.5595882416145831, 0.5595882416145831
31985918.79423341, 5.517641266527883, -0.5517641266527883, 0.5517641266527883
54897615.570850536, 3.5451790365115246, -0.3545179036511525, 0.3545179036511525
40525758.48957242, 5.289420243285489, -0.528942024328549, 0.528942024328549
125090160.42377217, 4.219064185745581, -0.42190641857455813, 0.42190641857455813
19826121.302741446, 2.6643400038678138, -0.2664340003867814, 0.2664340003867814
80740111.571253, 3.4533457472331466, -0.3453345747233147, 0.3453345747233147
126680058.01513664, 5.312847878576314, -0.5312847878576313, 0.5312847878576313
96979212.10915014, 3.8352091021092387, -0.3835209102109239, 0.3835209102109239
132376620.91896118, 4.4752748643881635, -0.44752748643881635, 0.44752748643881635
121331813.51170309, 3.518032236131273, -0.3518032236131273, 0.3518032236131273
9108322.575904073, 1.913527989340003, -0.1913527989340003, 0.1913527989340003
105773178.9138221, 4.447171320786827, -0.44471713207868274, 0.44471713207868274
2337033.3974131607, 4.901361141876664, -0.4901361141876664, 0.4901361141876664
66437214.218518734, 4.7047337660551865, -0.4704733766055187, 0.4704733766055187
47051727.21170596, 7.229347996842107, -0.7229347996842108, 0.7229347996842108
32367720.58731651, 3.7432632067467666, -0.3743263206746767, 0.3743263206746767
84126536.68294907, 4.77663998947639, -0.477663998947639, 0.477663998947639
130115457.65088697, 1.8666154910257498, -0.186661549102575, 0.186661549102575
20317979.776662372, 2.975919327023658, -0.29759193270236584, 0.29759193270236584
52615083.3832936, 3.3856328843677472, -0.33856328843677475, 0.33856328843677475
54160351.44835069, 5.051099360233164, -0.5051099360233164, 0.5051099360233164
95439515.2033388, 1.9959655699988936, -0.19959655699988937, 0.19959655699988937
98541550.61221097, 3.635312173331344, -0.3635312173331344, 0.3635312173331344
109177906.4476461, 3.827509939522357, -0.3827509939522357, 0.3827509939522357
49622038.799202755, 3.571981857937067, -0.3571981857937067, 0.3571981857937067
113702293.88493203, 6.017762017918826, -0.6017762017918826, 0.6017762017918826
120236210.33889441, 2.18431848019887, -0.21843184801988702, 0.21843184801988702
95957630.0523005, 2.6370369778046743, -0.2637036977804674, 0.2637036977804674
27981703.372295737, 3.875937808243457, -0.3875937808243457, 0.3875937808243457
1027643.8514417814, 3.0220360105387827, -0.3022036010538783, 0.3022036010538783
36740722.2572627, 3.414046927153616, -0.3414046927153616, 0.3414046927153616
93364807.96477635, 3.83659592028065, -0.383659592028065, 0.383659592028065
121427503.76767947, 5.5195381621110196, -0.551953816211102, 0.551953816211102
101371102.62181957, 3.377123777309824, -0.33771237773098245, 0.33771237773098245
128697900.05090757, 1.9226918507880402, -0.19226918507880403, 0.19226918507880403
81976637.3306914, 3.046906187664754, -0.3046906187664754, 0.3046906187664754
131663993.82530971, 3.642214946237193, -0.36422149462371933, 0.36422149462371933
122899338.05010033, 6.644864056479671, -0.6644864056479671, 0.6644864056479671
29652846.953641526, 2.962873895643917, -0.2962873895643917, 0.2962873895643917
137710624.97818834, 4.193938367391099, -0.4193938367391099, 0.4193938367391099
1217695.863492652, 5.6200887983477825, -0.5620088798347783, 0.5620088798347783
81610512.98368707, 4.077184586795495, -0.4077184586795495, 0.4077184586795495
56987557.433287635, 8.98177194287188, -0.8981771942871881, 0.8981771942871881
114836744.86863153, 4.3753706098176375, -0.43753706098176376, 0.43753706098176376
47464894.823600404, 4.483310017005081, -0.44833100170050816, 0.44833100170050816
133719455.32110766, 3.420096036626376, -0.34200960366263766, 0.34200960366263766
9759954.133568263, 1.9351362838481596, -0.19351362838481598, 0.19351362838481598
41692887.869108684, 4.298304868697142, -0.4298304868697142, 0.4298304868697142
48467557.96116539, 2.649031683411607, -0.26490316834116073, 0.26490316834116073
36046428.6831066, 2.210243144348473, -0.2210243144348473, 0.2210243144348473
76576204.78491095, 3.6236746437319187, -0.3623674643731919, 0.3623674643731919
91682595.08455312, 4.942808779237342, -0.4942808779237342, 0.4942808779237342
118075321.32925935, 2.479667800738471, -0.24796678007384712, 0.24796678007384712
54597413.86593507, 3.0575342122361806, -0.3057534212236181, 0.3057534212236181
137852611.80682334, 5.44665284536722, -0.544665284536722, 0.544665284536722
46402052.729675286, 1.8621200347655527, -0.18621200347655528, 0.18621200347655528
45378313.70964346, 6.225036810542523, -0.6225036810542524, 0.6225036810542524
80437767.02474782, 5.18341593660537, -0.518341593660537, 0.518341593660537
60848533.528911576, 3.2684889027523454, -0.32684889027523456, 0.32684889027523456
66737246.86697084, 5.377447077661711, -0.5377447077661711, 0.5377447077661711
139327627.7991632, 6.48426725336792, -0.6484267253367921, 0.6484267253367921
97284793.87348597, 2.933369155795303, -0.29333691557953034, 0.29333691557953034
20003782.512804106, 6.307372730876771, -0.6307372730876771, 0.6307372730876771
75481537.82981588, 4.4122777042931105, -0.44122777042931105, 0.44122777042931105
40407028.35816831, 3.8922810943386854, -0.38922810943386854, 0.38922810943386854
46592496.23696186, 6.2687204604060245, -0.6268720460406025, 0.6268720460406025
889870.5951420573, 3.2188404823772845, -0.3218840482377285, 0.3218840482377285
97026381.3125138, 1.9012080924834136, -0.19012080924834138, 0.19012080924834138
63315436.96486063, 3.3197036858937286, -0.3319703685893729, 0.3319703685893729
111917841.49469832, 3.2692618628867764, -0.32692618628867764, 0.32692618628867764
93026390.62964568, 1.8737378012102677, -0.1873737801210268, 0.1873737801210268
96527984.90278716, 3.538936983060326, -0.3538936983060326, 0.3538936983060326
11026569.062911315, 4.210075414736705, -0.42100754147367053, 0.42100754147367053
44755446.00851831, 2.0464623962259987, -0.20464623962259987, 0.20464623962259987
79026167.91320851, 3.8988708139785317, -0.3898870813978532, 0.3898870813978532
105939943.4515997, 2.390410740013355, -0.23904107400133554, 0.23904107400133554
55335481.760485634, 3.1208815273394728, -0.3120881527339473, 0.3120881527339473
124397289.2768404, 4.724026271254661, -0.4724026271254661, 0.4724026271254661
82521435.30978355, 4.0370584746808, -0.40370584746807997, 0.40370584746807997
127161098.06634541, 2.854111338639405, -0.2854111338639405, 0.2854111338639405
36449913.18136449, 2.8832128168026996, -0.28832128168027, 0.28832128168027
128885169.83831441, 10.157875490890271, -1.0157875490890271, 1.0157875490890271
29524911.408042554, 2.742125358990728, -0.2742125358990728, 0.2742125358990728
128863559.54934156, 1.9797852507034326, -0.19797852507034328, 0.19797852507034328
139230447.13265958, 2.1035889614885503, -0.21035889614885506, 0.21035889614885506
74608244.16475403, 6.329456101100224, -0.6329456101100224, 0.6329456101100224
17565847.8509359, 2.420626390649967, -0.2420626390649967, 0.2420626390649967
116369517.16445303, 7.421515125383099, -0.7421515125383099, 0.7421515125383099
34567195.20760204, 2.619573812721161, -0.2619573812721161, 0.2619573812721161
113694421.20178324, 4.541185307204478, -0.45411853072044783, 0.45411853072044783
61191601.12738759, 6.7924340838785255, -0.6792434083878526, 0.6792434083878526
23009677.954754353, 4.301985207132905, -0.4301985207132905, 0.4301985207132905
39384557.35834106, 2.062685254505169, -0.2062685254505169, 0.2062685254505169
54502100.28343556, 2.433868703756963, -0.24338687037569628, 0.24338687037569628
17284181.73497389, 2.5992214503748743, -0.25992214503748745, 0.25992214503748745
86954815.09598245, 1.8146872416170345, -0.18146872416170345, 0.18146872416170345
130099075.9457971, 3.5023077452677054, -0.35023077452677054, 0.35023077452677054
80663808.29456544, 4.484751419266916, -0.4484751419266916, 0.4484751419266916
25706185.645085406, 1.9870300742709017, -0.19870300742709018, 0.19870300742709018
8393883.886094425, 2.5702108617699846, -0.2570210861769985, 0.2570210861769985
51160225.926320136, 5.133348004321623, -0.5133348004321623, 0.5133348004321623
139561320.05864912, 2.6969281358132027, -0.2696928135813203, 0.2696928135813203
79875937.64018695, 3.8318175814900015, -0.3831817581490002, 0.3831817581490002
58595638.68305875, 4.790123184939297, -0.4790123184939297, 0.4790123184939297
104763338.12986818, 2.9586526467607293, -0.29586526467607294, 0.29586526467607294
2998723.6798018734, 5.641299927265769, -0.5641299927265769, 0.5641299927265769
97392486.68390276, 2.7456728007087836, -0.2745672800708784, 0.2745672800708784
112620889.98265508, 4.418115675860823, -0.4418115675860823, 0.4418115675860823
92064329.64061788, 2.2431333500809876, -0.22431333500809877, 0.22431333500809877
4484470.906863499, 6.2227130179763375, -0.6222713017976338, 0.6222713017976338
122465904.90692577, 3.4773337172138987, -0.3477333717213899, 0.3477333717213899
17386628.153790593, 4.297386437565865, -0.4297386437565865, 0.4297386437565865
112210029.07031356, 2.894132817191775, -0.2894132817191775, 0.2894132817191775
108915456.25404921, 7.08430137287265, -0.708430137287265, 0.708430137287265
8205947.199194857, 4.074993742494726, -0.40749937424947263, 0.40749937424947263
25180744.62634971, 5.140332432325015, -0.5140332432325015, 0.5140332432325015
83337951.38551696, 2.0373755531147744, -0.20373755531147744, 0.20373755531147744
87879820.61512096, 3.4698538038686584, -0.3469853803868659, 0.3469853803868659
31484198.508356936, 6.760670628863382, -0.6760670628863382, 0.6760670628863382
20076865.546587758, 4.033559663554617, -0.4033559663554617, 0.4033559663554617
93001270.13789101, 6.703913205367654, -0.6703913205367654, 0.6703913205367654
98588012.47344144, 3.555025201659131, -0.3555025201659131, 0.3555025201659131
126920090.59571046, 2.6193236360890673, -0.26193236360890676, 0.26193236360890676
101040974.31738152, 4.863295218787348, -0.48632952187873485, 0.48632952187873485
93024325.61870284, 2.5094935293370173, -0.25094935293370174, 0.25094935293370174
120214101.53177343, 3.1979367638134324, -0.31979367638134326, 0.31979367638134326
132041426.09114343, 2.8842861524093895, -0.28842861524093893, 0.28842861524093893
137460174.55308992, 3.668480237334964, -0.3668480237334964, 0.3668480237334964
48798162.26672871, 7.446739626192454, -0.7446739626192455, 0.7446739626192455
29086794.59753706, 2.892671017001737, -0.2892671017001737, 0.2892671017001737
104807310.90999725, 7.425582157473558, -0.7425582157473558, 0.7425582157473558
33508722.04906548, 9.32143695414586, -0.932143695414586, 0.932143695414586
106221089.4926311, 3.032416386661745, -0.3032416386661745, 0.3032416386661745
63889027.38224672, 5.45281683383293, -0.5452816833832931, 0.5452816833832931
116236594.63923492, 4.960383036268899, -0.49603830362688994, 0.49603830362688994
92014579.30888106, 6.308574547409336, -0.6308574547409336, 0.6308574547409336
70351353.16428274, 3.7204676514581974, -0.37204676514581975, 0.37204676514581975
106780469.35384297, 6.519789955153952, -0.6519789955153952, 0.6519789955153952
12073915.567549912, 4.429680006582132, -0.4429680006582132, 0.4429680006582132
2468338.305275331, 6.488390817994206, -0.6488390817994206, 0.6488390817994206
86220112.83976386, 6.095448344440678, -0.6095448344440678, 0.6095448344440678
4906025.354657294, 2.8644546424490716, -0.2864454642449072, 0.2864454642449072
59747951.19561181, 7.151195830485685, -0.7151195830485686, 0.7151195830485686
53621369.57851417, 3.396201353104317, -0.3396201353104317, 0.3396201353104317
16874727.41651733, 3.1084563792182873, -0.31084563792182873, 0.31084563792182873
127473467.18900128, 3.428085053540605, -0.34280850535406054, 0.34280850535406054
21784537.45853521, 2.930036288819644, -0.2930036288819644, 0.2930036288819644
38494683.99979928, 5.529959776156294, -0.5529959776156294, 0.5529959776156294
72223756.48304729, 1.8665667002398418, -0.1866566700239842, 0.1866566700239842
2527874.6522597424, 6.212974849140796, -0.6212974849140797, 0.6212974849140797
95807035.28072207, 2.5171658556319336, -0.2517165855631934, 0.2517165855631934
7087665.190802161, 4.952438848860286, -0.4952438848860286, 0.4952438848860286
81112674.79167238, 2.6623043649604834, -0.26623043649604833, 0.26623043649604833
48900722.43114312, 3.3590410462166034, -0.33590410462166037, 0.33590410462166037
21573335.764714874, 3.046932349826406, -0.3046932349826406, 0.3046932349826406
50231786.919652954, 3.673942290390122, -0.3673942290390122, 0.3673942290390122
17343231.48219366, 5.5883926153669226, -0.5588392615366923, 0.5588392615366923
61838217.67336435, 4.747109618767831, -0.4747109618767831, 0.4747109618767831
124407934.37229137, 1.8938460774515327, -0.18938460774515328, 0.18938460774515328
114008145.8678906, 3.1414652348310375, -0.3141465234831038, 0.3141465234831038
77548687.3755432, 5.450930325093786, -0.5450930325093787, 0.5450930325093787
91260914.4683177, 5.280457742608922, -0.5280457742608923, 0.5280457742608923
35387100.849113725, 6.552964471005074, -0.6552964471005075, 0.6552964471005075
108098026.03206149, 2.2121506972270946, -0.22121506972270946, 0.22121506972270946
24845056.129838597, 7.831365665574657, -0.7831365665574657, 0.7831365665574657
134658060.48471287, 2.9985970628159597, -0.299859706281596, 0.299859706281596
97618751.97774905, 3.841105591652009, -0.3841105591652009, 0.3841105591652009
63989184.16876574, 5.615304259181222, -0.5615304259181223, 0.5615304259181223
135774400.93024847, 2.173311077225901, -0.2173311077225901, 0.2173311077225901
138320483.70719945, 7.506660160607301, -0.7506660160607301, 0.7506660160607301
125284516.86939414, 3.3498125445866367, -0.33498125445866367, 0.33498125445866367
76177355.18622173, 2.683833059716389, -0.2683833059716389, 0.2683833059716389
28220525.001834374, 3.1500168165617435, -0.31500168165617437, 0.31500168165617437
121984512.71315275, 5.427029037054108, -0.5427029037054109, 0.5427029037054109
30210564.194217436, 2.6972980143941627, -0.2697298014394163, 0.2697298014394163
17212949.988739524, 2.257545954700611, -0.2257545954700611, 0.2257545954700611
71421831.57265279, 4.321964458111504, -0.4321964458111504, 0.4321964458111504
25187204.97089069, 1.83743045691141, -0.183743045691141, 0.183743045691141
65696451.045533866, 4.310317557412008, -0.4310317557412008, 0.4310317557412008
116486058.05299357, 3.41146619783161, -0.341146619783161, 0.341146619783161
38308783.450096235, 2.1267557656090483, -0.21267557656090486, 0.21267557656090486
129898465.47800441, 9.896717472860075, -0.9896717472860076, 0.9896717472860076
117515332.85135458, 3.6560404670900293, -0.36560404670900293, 0.36560404670900293
54461579.75106397, 5.66600904395764, -0.566600904395764, 0.566600904395764
32415083.957533833, 5.250019923283301, -0.5250019923283301, 0.5250019923283301
76486260.01569778, 4.234453410879622, -0.4234453410879622, 0.4234453410879622
37238081.892909735, 7.40354807256072, -0.7403548072560721, 0.7403548072560721
105078934.13207226, 2.5642921587875787, -0.2564292158787579, 0.2564292158787579
46237069.765943184, 5.070700258089232, -0.5070700258089232, 0.5070700258089232
63150679.94793107, 5.036133393403291, -0.5036133393403291, 0.5036133393403291
135138354.67842987, 4.878423135133609, -0.48784231351336094, 0.48784231351336094
60713097.222068995, 6.98174139594099, -0.698174139594099, 0.698174139594099
62221932.16671813, 5.086263645350886, -0.5086263645350887, 0.5086263645350887
26845957.699216776, 8.6751099703439, -0.86751099703439, 0.86751099703439
89964508.97181533, 3.941518851439133, -0.3941518851439133, 0.3941518851439133
64210170.371111624, 4.083723980401507, -0.4083723980401507, 0.4083723980401507
110446369.36468516, 4.688387658903432, -0.46883876589034323, 0.46883876589034323
123652042.49074352, 3.4840060308861593, -0.348400603088616, 0.348400603088616
88436809.39919458, 2.053379703461586, -0.2053379703461586, 0.2053379703461586
66480385.91515149, 4.011136563438717, -0.4011136563438717, 0.4011136563438717
28325641.57880781, 7.214874272455299, -0.7214874272455299, 0.7214874272455299
46613243.0430522, 3.1407372779973315, -0.3140737277997332, 0.3140737277997332
109228119.40687299, 4.7416408394856635, -0.47416408394856635, 0.47416408394856635
12252467.588260842, 5.860460242734683, -0.5860460242734683, 0.5860460242734683
18607533.774018347, 3.2679484007484745, -0.3267948400748475, 0.3267948400748475
3945730.0007226523, 7.041637724734384, -0.7041637724734384, 0.7041637724734384
109657176.78825857, 6.710956776675255, -0.6710956776675255, 0.6710956776675255
60552190.97030403, 4.779593802762599, -0.4779593802762599, 0.4779593802762599
6986994.784500635, 7.8465566445629875, -0.7846556644562988, 0.7846556644562988
23697287.254970394, 2.3153670688242656, -0.23153670688242656, 0.23153670688242656
117910126.13970444, 5.90174783083598, -0.590174783083598, 0.590174783083598
54655081.4414933, 3.2677983719476957, -0.3267798371947696, 0.3267798371947696
67050207.42290099, 4.3374724544483465, -0.4337472454448347, 0.4337472454448347
118684183.18675041, 4.128676754113671, -0.4128676754113671, 0.4128676754113671
32601591.061827388, 2.8347720104482903, -0.28347720104482904, 0.28347720104482904
26641767.631398156, 6.022285729866829, -0.602228572986683, 0.602228572986683
115538195.65845622, 2.643218291583951, -0.2643218291583951, 0.2643218291583951
19315802.599610586, 2.777827854765046, -0.27778278547650465, 0.27778278547650465
135275099.58394778, 6.335160556765295, -0.6335160556765296, 0.6335160556765296
65317092.39837246, 5.399296468325686, -0.5399296468325686, 0.5399296468325686
129809813.66427937, 3.422409514334565, -0.34224095143345656, 0.34224095143345656
91178480.53037477, 2.373091137641943, -0.23730911376419428, 0.23730911376419428
89821997.43735917, 4.0159466574598675, -0.4015946657459868, 0.4015946657459868
98553262.13020413, 2.2125224800132135, -0.22125224800132137, 0.22125224800132137
93513429.01658839, 3.1858183709624126, -0.31858183709624127, 0.31858183709624127
110688849.17512779, 6.159703550957139, -0.615970355095714, 0.615970355095714
118041042.16837053, 5.9524858531018685, -0.5952485853101869, 0.5952485853101869
90304759.62082966, 2.2176273900657604, -0.22176273900657606, 0.22176273900657606
137914340.0348961, 3.186135063029175, -0.3186135063029175, 0.3186135063029175
45594391.09652164, 3.9460795870279384, -0.39460795870279386, 0.39460795870279386
63737026.737343706, 2.0136425219331793, -0.20136425219331794, 0.20136425219331794
44714151.405475594, 3.977400855895102, -0.39774008558951024, 0.39774008558951024
46703653.87136005, 6.266387524383263, -0.6266387524383263, 0.6266387524383263
18582465.915556446, 3.604375448307524, -0.3604375448307524, 0.3604375448307524
81868378.50532326, 2.137410019810159, -0.2137410019810159, 0.2137410019810159
84760411.70912266, 4.521608079805921, -0.4521608079805921, 0.4521608079805921
101706039.53165944, 1.9579083590205162, -0.19579083590205162, 0.19579083590205162
100445316.51096047, 8.073124353518306, -0.8073124353518306, 0.8073124353518306
6132470.293190377, 3.9393140432053277, -0.3939314043205328, 0.3939314043205328
75917007.98356406, 7.485337935021988, -0.7485337935021988, 0.7485337935021988
39197631.44666062, 2.6631195324496577, -0.26631195324496576, 0.26631195324496576
49310609.63895759, 2.098377396546762, -0.2098377396546762, 0.2098377396546762
57070680.69518925, 5.779638207560229, -0.5779638207560229, 0.5779638207560229
25978165.70040878, 2.736368801689017, -0.2736368801689017, 0.2736368801689017
41159590.27156619, 2.4079210037005168, -0.2407921003700517, 0.2407921003700517
32690058.692644782, 6.876128422972011, -0.6876128422972011, 0.6876128422972011
134943326.06805098, 2.5258088874822526, -0.25258088874822526, 0.25258088874822526
111345979.96387267, 6.074808608054884, -0.6074808608054885, 0.6074808608054885
43047405.73674346, 3.327708088507789, -0.3327708088507789, 0.3327708088507789
127399007.40945229, 3.0460657971923055, -0.30460657971923055, 0.30460657971923055
53925870.70988854, 2.2238343553184956, -0.22238343553184958, 0.22238343553184958
54043016.29493206, 4.057769638112231, -0.40577696381122313, 0.40577696381122313
88723740.15831223, 2.5380836401292504, -0.25380836401292506, 0.25380836401292506
45025291.752961464, 2.8148464485709437, -0.2814846448570944, 0.2814846448570944
77858206.87429033, 2.8111797519647754, -0.2811179751964776, 0.2811179751964776
121737303.46330404, 4.859342265704657, -0.48593422657046575, 0.48593422657046575
5302517.713387415, 3.5324154010064643, -0.35324154010064646, 0.35324154010064646
34066990.48063098, 5.355157606409099, -0.5355157606409099, 0.5355157606409099
134190295.01229282, 2.981926380101478, -0.2981926380101478, 0.2981926380101478
8583771.533430506, 7.121518404465458, -0.7121518404465458, 0.7121518404465458
103986012.19862023, 3.303817589340353, -0.3303817589340353, 0.3303817589340353
98140196.36888039, 3.303420830874172, -0.33034208308741725, 0.33034208308741725
117079234.39483622, 2.1008894097308652, -0.21008894097308653, 0.21008894097308653
93457645.17826922, 10.365815681917137, -1.0365815681917139, 1.0365815681917139
21064123.07297866, 3.15165420030749, -0.315165420030749, 0.315165420030749
83169941.54118931, 6.107933437835127, -0.6107933437835128, 0.6107933437835128
98134476.82941969, 2.776100685340921, -0.2776100685340921, 0.2776100685340921
39226149.010769695, 2.911017601949607, -0.2911017601949607, 0.2911017601949607
15124158.42622367, 3.3875045261951464, -0.33875045261951464, 0.33875045261951464
48733280.052159235, 1.8604653738996986, -0.18604653738996987, 0.18604653738996987
113319766.97362731, 4.786023859470945, -0.47860238594709453, 0.47860238594709453
44551204.78835304, 4.613225859088754, -0.4613225859088754, 0.4613225859088754
5272214.613208083, 3.816480367922351, -0.38164803679223513, 0.38164803679223513
99358060.48099965, 7.199085231598383, -0.7199085231598383, 0.7199085231598383
48408825.24791287, 5.132664969844024, -0.5132664969844024, 0.5132664969844024
4642912.934908467, 6.145464051303857, -0.6145464051303857, 0.6145464051303857
2237556.8675394533, 4.38962170571986, -0.43896217057198605, 0.43896217057198605
86682038.73124465, 3.314717289803732, -0.33147172898037325, 0.33147172898037325
104553407.41045809, 2.8360852306812534, -0.28360852306812534, 0.28360852306812534
103440656.01106212, 2.973253603519585, -0.2973253603519585, 0.2973253603519585
106909926.88762644, 3.152708282226423, -0.31527082822264235, 0.31527082822264235
96300266.03709227, 2.903505966930417, -0.2903505966930417, 0.2903505966930417
128920207.14516069, 2.092612789199568, -0.2092612789199568, 0.2092612789199568
36069480.08963687, 4.585363039892869, -0.4585363039892869, 0.4585363039892869
9345744.0092994, 3.2042469954726167, -0.3204246995472617, 0.3204246995472617
139608239.26166317, 5.8714423233229445, -0.5871442323322945, 0.5871442323322945
82570048.30976523, 2.099328693001125, -0.20993286930011248, 0.20993286930011248
88789274.93113765, 7.117406024138113, -0.7117406024138113, 0.7117406024138113
71401565.67213409, 5.192034439144157, -0.5192034439144158, 0.5192034439144158
9755765.956573358, 3.5243806447154458, -0.3524380644715446, 0.3524380644715446
91163168.49894884, 2.550442392552646, -0.2550442392552646, 0.2550442392552646
41773997.56439205, 2.550665997286277, -0.2550665997286277, 0.2550665997286277
86966765.18673022, 3.4518895461967447, -0.34518895461967447, 0.34518895461967447
38559712.04471231, 5.522541164074923, -0.5522541164074923, 0.5522541164074923
79504562.24937561, 4.664965927678615, -0.46649659276786154, 0.46649659276786154
82876453.93572389, 4.171535589265944, -0.41715355892659445, 0.41715355892659445
62336227.42157309, 8.65184288618881, -0.865184288618881, 0.865184288618881
12807170.160281908, 8.615358558037542, -0.8615358558037542, 0.8615358558037542
11090915.528606012, 3.8419211760341616, -0.3841921176034162, 0.3841921176034162
1077467.9763453754, 3.99982791825236, -0.39998279182523605, 0.39998279182523605
82915843.75222704, 2.878597325192132, -0.2878597325192132, 0.2878597325192132
59346642.62498192, 3.6939542346220255, -0.36939542346220255, 0.36939542346220255
74404601.76220557, 4.12879160677755, -0.412879160677755, 0.412879160677755
56196685.72613272, 3.5921913007941173, -0.35921913007941175, 0.35921913007941175
72852996.55158024, 5.158542007329433, -0.5158542007329433, 0.5158542007329433
113764145.47480085, 7.257927287401329, -0.7257927287401329, 0.7257927287401329
133604168.1778115, 6.913953102663462, -0.6913953102663463, 0.6913953102663463
61314979.02628375, 4.892735860334571, -0.4892735860334571, 0.4892735860334571
117694048.25327647, 4.026879580166706, -0.4026879580166706, 0.4026879580166706
16485706.02052259, 2.2062791292662283, -0.22062791292662284, 0.22062791292662284
30958889.717943393, 2.689699382559425, -0.2689699382559425, 0.2689699382559425
36447022.016667634, 5.839211952056939, -0.5839211952056939, 0.5839211952056939
73538951.23312296, 2.8163708419899955, -0.2816370841989996, 0.2816370841989996
54248978.38810949, 3.4633461473584983, -0.34633461473584987, 0.34633461473584987
104634255.09359746, 2.489954342507981, -0.24899543425079812, 0.24899543425079812
106674116.36004862, 3.0606699910221846, -0.30606699910221846, 0.30606699910221846
10785192.738397261, 2.803715188620429, -0.2803715188620429, 0.2803715188620429
61615692.0987113, 3.9670845063913576, -0.3967084506391358, 0.3967084506391358
6368721.578126676, 2.1698255007812026, -0.21698255007812028, 0.21698255007812028
68787840.5863507, 4.779952305325521, -0.4779952305325521, 0.4779952305325521
102736676.92178576, 6.712877492531702, -0.6712877492531703, 0.6712877492531703
86837572.77009922, 7.803837294277546, -0.7803837294277547, 0.7803837294277547
19089048.340906654, 3.031535533772547, -0.3031535533772547, 0.3031535533772547
129024759.03998338, 6.087178179427696, -0.6087178179427696, 0.6087178179427696
132173973.40796284, 4.576200706459688, -0.4576200706459688, 0.4576200706459688
32160087.100219008, 4.945803358508575, -0.4945803358508576, 0.4945803358508576
9937758.254693152, 2.186816513274946, -0.21868165132749462, 0.21868165132749462
129103668.6483555, 2.4201243404590405, -0.24201243404590406, 0.24201243404590406
19816374.927215967, 5.548392133251569, -0.5548392133251568, 0.5548392133251568
93419917.63590258, 6.527387586627538, -0.6527387586627538, 0.6527387586627538
122340462.49497123, 3.947851063549705, -0.39478510635497055, 0.39478510635497055
10012201.47091552, 3.1006633027602093, -0.31006633027602093, 0.31006633027602093
93731688.49676405, 9.017587611378158, -0.9017587611378158, 0.9017587611378158
38455522.45692065, 2.1272149437395123, -0.21272149437395124, 0.21272149437395124
122678850.97212128, 6.168893035485167, -0.6168893035485168, 0.6168893035485168
62021801.58076242, 2.7437011454012667, -0.27437011454012666, 0.27437011454012666
2924604.3078787946, 3.0320438194127712, -0.30320438194127713, 0.30320438194127713
8643396.672944319, 2.3402550882673405, -0.23402550882673406, 0.23402550882673406
47296931.6668532, 3.0459139708363248, -0.3045913970836325, 0.3045913970836325
130666620.17961559, 4.782587185939658, -0.4782587185939658, 0.4782587185939658
48145633.88457749, 3.6980251115763703, -0.36980251115763707, 0.36980251115763707
2960172.0367288203, 6.333885908788649, -0.633388590878865, 0.633388590878865
47776942.85149232, 3.7177052823519423, -0.37177052823519424, 0.37177052823519424
5687324.18777609, 2.7644544851194337, -0.27644544851194336, 0.27644544851194336
65082876.7118234, 2.224910867113476, -0.22249108671134762, 0.22249108671134762
73921462.09432319, 5.558624180604093, -0.5558624180604093, 0.5558624180604093
93992604.47932315, 3.288145809587223, -0.32881458095872235, 0.32881458095872235
94913680.01096638, 4.534702705658784, -0.4534702705658784, 0.4534702705658784
84261727.38942398, 4.179518777648215, -0.4179518777648215, 0.4179518777648215
89937844.30008937, 2.587281185847771, -0.2587281185847771, 0.2587281185847771
3400034.519794774, 3.6474882221172575, -0.3647488222117258, 0.3647488222117258
43165746.004680045, 7.124242919370133, -0.7124242919370133, 0.7124242919370133
124793240.967566, 5.271472047431086, -0.5271472047431086, 0.5271472047431086
96695828.20746475, 3.3956603640180214, -0.33956603640180216, 0.33956603640180216
49877054.38613852, 5.1166908015324735, -0.5116690801532474, 0.5116690801532474
101435211.06815799, 3.307412693853992, -0.3307412693853992, 0.3307412693853992
12606810.657172821, 2.5557983622736917, -0.2555798362273692, 0.2555798362273692
109742808.98482281, 7.166011680510337, -0.7166011680510338, 0.7166011680510338
52973773.09221199, 4.603688206927493, -0.4603688206927493, 0.4603688206927493
114206129.5147457, 2.7984795593919802, -0.27984795593919803, 0.27984795593919803
56189558.105366796, 5.063053290989464, -0.5063053290989464, 0.5063053290989464
130765634.64096908, 3.785957379510557, -0.3785957379510557, 0.3785957379510557
61137818.89335631, 2.7497523249464213, -0.2749752324946421, 0.2749752324946421
43141813.59959828, 5.134188010149882, -0.5134188010149882, 0.5134188010149882
83306846.44835015, 6.352725241352533, -0.6352725241352534, 0.6352725241352534
33141570.257776644, 2.5782812437140485, -0.25782812437140484, 0.25782812437140484
15659383.505482275, 3.0289354209145403, -0.302893542091454, 0.302893542091454
63027860.10725261, 2.2596318954336785, -0.22596318954336786, 0.22596318954336786
82562392.37168735, 2.9420734434752442, -0.29420734434752444, 0.29420734434752444
24846497.21456974, 6.205758534538971, -0.6205758534538971, 0.6205758534538971
60865209.97753949, 2.913696811206843, -0.2913696811206843, 0.2913696811206843
81946896.20851858, 6.636593298021399, -0.6636593298021399, 0.6636593298021399
57271741.015563786, 3.1879255964999444, -0.3187925596499945, 0.3187925596499945
42237879.31417863, 5.826785374410665, -0.5826785374410666, 0.5826785374410666
115974905.92509477, 2.740063397582124, -0.27400633975821237, 0.27400633975821237
127891973.18077946, 4.814488352636147, -0.4814488352636147, 0.4814488352636147
115922903.05603477, 4.592138151046828, -0.4592138151046828, 0.4592138151046828
83613308.58360665, 3.2207709022413447, -0.3220770902241345, 0.3220770902241345
43104002.30204339, 1.8783497441265633, -0.18783497441265634, 0.18783497441265634
118798977.31085545, 4.389549927405868, -0.43895499274058686, 0.43895499274058686
35104557.282150954, 3.36325248191296, -0.336325248191296, 0.336325248191296
122952743.62480941, 3.6988468007942266, -0.36988468007942266, 0.36988468007942266
118673004.4773804, 2.5248662887923023, -0.25248662887923023, 0.25248662887923023
23142184.05155824, 4.165995027990371, -0.41659950279903707, 0.41659950279903707
114730967.25757468, 5.020474959182995, -0.5020474959182996, 0.5020474959182996
1314539.3447245108, 2.1765873020383397, -0.21765873020383397, 0.21765873020383397
103852408.44349565, 2.1433193634016456, -0.21433193634016456, 0.21433193634016456
40670763.11858351, 6.392923314976113, -0.6392923314976113, 0.6392923314976113
128596416.56550191, 2.8445797330784663, -0.28445797330784667, 0.28445797330784667
14832033.748285487, 4.94570467588087, -0.494570467588087, 0.494570467588087
16203786.012485603, 2.4413354311177446, -0.2441335431117745, 0.2441335431117745
22787416.946677696, 5.615784070976978, -0.5615784070976978, 0.5615784070976978
70004110.40697077, 2.9106675507988404, -0.29106675507988405, 0.29106675507988405
133721861.29466356, 3.2734510848715224, -0.32734510848715226, 0.32734510848715226
82525889.79100668, 3.172837712084088, -0.31728377120840884, 0.31728377120840884
133142409.01407854, 3.5950975608562117, -0.3595097560856212, 0.3595097560856212
124542949.4051768, 1.875556018130524, -0.18755560181305242, 0.18755560181305242
123855394.53886135, 7.565476152500527, -0.7565476152500528, 0.7565476152500528
130821481.54881236, 6.50786763094956, -0.6507867630949561, 0.6507867630949561
44733108.42181281, 5.38623974963326, -0.538623974963326, 0.538623974963326
119202679.2327835, 6.047733741617677, -0.6047733741617677, 0.6047733741617677
30719382.795248523, 5.337255413089082, -0.5337255413089083, 0.5337255413089083
102831859.69878195, 3.0250336854773026, -0.3025033685477303, 0.3025033685477303
98237515.26341838, 3.5294119009345497, -0.352941190093455, 0.352941190093455
134751086.43090853, 2.847468412524665, -0.2847468412524665, 0.2847468412524665
84223433.58745107, 4.007634818645017, -0.4007634818645017, 0.4007634818645017
38926844.98619932, 2.207942646193324, -0.22079426461933238, 0.22079426461933238
56928338.25095521, 4.322875595702282, -0.43228755957022824, 0.43228755957022824
762626.3159913695, 4.56272221499774, -0.456272221499774, 0.456272221499774
43864424.49386901, 2.650749752865673, -0.2650749752865673, 0.2650749752865673
129416231.57117389, 7.029701577904029, -0.702970157790403, 0.702970157790403
74928008.25309844, 3.2009046517286874, -0.32009046517286877, 0.32009046517286877
78365867.53904031, 6.125478130614947, -0.6125478130614948, 0.6125478130614948
27972069.413034312, 2.4404269686039965, -0.24404269686039967, 0.24404269686039967
137217763.94522455, 4.071259715000252, -0.4071259715000253, 0.4071259715000253
33416329.853149697, 2.0876472920488935, -0.20876472920488937, 0.20876472920488937
62996214.55197927, 6.4202627449615655, -0.6420262744961566, 0.6420262744961566
120288774.54871406, 3.115955904108718, -0.3115955904108718, 0.3115955904108718
873924.5871169636, 5.016337125395758, -0.5016337125395758, 0.5016337125395758
35799673.54826424, 2.9060603079844354, -0.29060603079844355, 0.29060603079844355
101302058.18339832, 5.159401664796987, -0.5159401664796988, 0.5159401664796988
24412011.276349045, 4.885352946090615, -0.48853529460906153, 0.48853529460906153
104286623.36335921, 3.811007184959009, -0.38110071849590094, 0.38110071849590094
1815032.0526272985, 3.1832568577238534, -0.31832568577238535, 0.31832568577238535
44277144.59648186, 4.688251776730936, -0.4688251776730936, 0.4688251776730936
101036617.95234877, 4.989414947367555, -0.49894149473675553, 0.49894149473675553
19965459.603587795, 2.8216161226748744, -0.2821616122674874, 0.2821616122674874
85019715.93577155, 3.390232307145084, -0.33902323071450846, 0.33902323071450846
11532124.172773892, 2.64121089298238, -0.264121089298238, 0.264121089298238
77436179.65706886, 2.2574868921286155, -0.22574868921286156, 0.22574868921286156
130158487.18399382, 3.4557445970990597, -0.34557445970990597, 0.34557445970990597
124310723.35692672, 3.9397689090065695, -0.39397689090065696, 0.39397689090065696
97496512.95451914, 6.500310868033504, -0.6500310868033505, 0.6500310868033505
30395019.43512129, 6.523343345368498, -0.6523343345368499, 0.6523343345368499
111232839.04141316, 5.5144514174815535, -0.5514451417481554, 0.5514451417481554
63503098.87580867, 4.206056904537981, -0.4206056904537981, 0.4206056904537981
77754515.96359189, 2.8785477378615747, -0.2878547737861575, 0.2878547737861575
100565760.81557098, 4.73599601847394, -0.473599601847394, 0.473599601847394
2248533.268457682, 2.3539134447697663, -0.23539134447697663, 0.23539134447697663
43367646.93028547, 4.450883608351795, -0.4450883608351795, 0.4450883608351795
95614564.51559886, 4.827220689310285, -0.48272206893102854, 0.48272206893102854
93631260.35886957, 4.676156052514116, -0.46761560525141166, 0.46761560525141166
66629953.83720915, 2.8506444522202754, -0.28506444522202756, 0.28506444522202756
124157873.6662239, 4.766344789610883, -0.4766344789610883, 0.4766344789610883
28252038.01071866, 4.207302684352646, -0.4207302684352646, 0.4207302684352646
12957801.570396984, 2.808745373330804, -0.28087453733308043, 0.28087453733308043
92883107.05829436, 3.4562968589465664, -0.34562968589465665, 0.34562968589465665
43758348.22352425, 4.082346732622512, -0.40823467326225127, 0.40823467326225127
30580326.477447197, 6.288674649503509, -0.628867464950351, 0.628867464950351
68999415.55726826, 2.301261118205775, -0.23012611182057752, 0.23012611182057752
95008900.5122609, 3.5784183520224038, -0.3578418352022404, 0.3578418352022404
21266696.519430496, 3.1523867826031826, -0.31523867826031826, 0.31523867826031826
34189488.257896274, 8.710426709760538, -0.8710426709760539, 0.8710426709760539
86330251.60414763, 2.9971909229452787, -0.29971909229452787, 0.29971909229452787
76643539.34448475, 2.4069243797193907, -0.24069243797193907, 0.24069243797193907
72081267.71809755, 5.358007624802923, -0.5358007624802923, 0.5358007624802923
42032056.67546052, 2.138789834306675, -0.2138789834306675, 0.2138789834306675
25976268.991210308, 3.988250466909804, -0.3988250466909804, 0.3988250466909804
80229973.54622276, 1.8935783698368696, -0.18935783698368697, 0.18935783698368697
12778308.445452115, 3.080308022422695, -0.30803080224226953, 0.30803080224226953
110262627.56514081, 6.655487552222963, -0.6655487552222964, 0.6655487552222964
40321387.39258337, 2.6680950499803977, -0.2668095049980398, 0.2668095049980398
11837077.560767923, 3.6605638939407776, -0.3660563893940778, 0.3660563893940778
139806000.1480014, 2.384255807675413, -0.23842558076754128, 0.23842558076754128
72744305.80736148, 3.420827191341356, -0.3420827191341356, 0.3420827191341356
62964376.544734664, 2.8182588424006667, -0.28182588424006666, 0.28182588424006666
113704965.52934614, 6.043404691015697, -0.6043404691015697, 0.6043404691015697
51473113.20342142, 5.717374760697501, -0.5717374760697501, 0.5717374760697501
20742374.917041287, 3.38291642263906, -0.338291642263906, 0.338291642263906
44326211.58393567, 2.872399904800879, -0.2872399904800879, 0.2872399904800879
44938129.08708209, 4.255081395376787, -0.42550813953767874, 0.42550813953767874
81717591.54878657, 5.888162001091579, -0.5888162001091579, 0.5888162001091579
7019076.345786159, 6.485288544089745, -0.6485288544089746, 0.6485288544089746
73735396.41414966, 6.13627751205933, -0.613627751205933, 0.613627751205933
41935731.19056197, 2.36713157611115, -0.236713157611115, 0.236713157611115
60675982.51873029, 3.243710029591847, -0.3243710029591847, 0.3243710029591847
112647364.57816005, 4.378212136198607, -0.4378212136198607, 0.4378212136198607
23537396.567700468, 1.8934210394896067, -0.18934210394896067, 0.18934210394896067
126755354.4545648, 5.245841865239853, -0.5245841865239853, 0.5245841865239853
97671508.39682765, 5.96662410494309, -0.596662410494309, 0.596662410494309
35735563.23434208, 3.687908190011684, -0.3687908190011684, 0.3687908190011684
87727625.58657715, 6.542237467763929, -0.654223746776393, 0.654223746776393
7789081.108164506, 2.9038878319577144, -0.29038878319577144, 0.29038878319577144
100986391.2569639, 5.618911753258178, -0.5618911753258179, 0.5618911753258179
95854898.81166816, 3.3927688262321984, -0.33927688262321987, 0.33927688262321987
60531371.4114052, 5.386411048219166, -0.5386411048219166, 0.5386411048219166
20188190.806789182, 2.5936479645808816, -0.2593647964580882, 0.2593647964580882
13351543.927244445, 4.164064988036025, -0.41640649880360253, 0.41640649880360253
26569295.101125743, 4.5898561424752815, -0.45898561424752815, 0.45898561424752815
128384992.7866561, 3.292689560880665, -0.3292689560880665, 0.3292689560880665
137403558.42261717, 2.435878063385799, -0.2435878063385799, 0.2435878063385799
58006627.1323883, 8.65124305350886, -0.8651243053508861, 0.8651243053508861
92255755.4863499, 7.73416282914787, -0.773416282914787, 0.773416282914787
52016743.37083334, 6.0415153145929015, -0.6041515314592902, 0.6041515314592902
70429423.37341778, 4.362031032335138, -0.43620310323351386, 0.43620310323351386
15273509.195432067, 2.381868238177561, -0.23818682381775613, 0.23818682381775613
15013975.57747419, 2.509854767998617, -0.2509854767998617, 0.2509854767998617
3742642.1653248905, 4.022333245131069, -0.4022333245131069, 0.4022333245131069
125556984.55872537, 10.496904976451606, -1.0496904976451606, 1.0496904976451606
12920377.126094595, 5.026888317029242, -0.5026888317029242, 0.5026888317029242
93966817.1206588, 6.33079093781196, -0.6330790937811961, 0.6330790937811961
113303696.92054592, 3.793028340316257, -0.37930283403162574, 0.37930283403162574
41546959.522721164, 5.889111145924511, -0.5889111145924512, 0.5889111145924512
51000880.976035066, 3.0243806805513693, -0.30243806805513695, 0.30243806805513695
57274665.816889636, 3.8291600228657874, -0.38291600228657874, 0.38291600228657874
26111670.92838058, 4.782531464775946, -0.47825314647759465, 0.47825314647759465
51894546.439712785, 4.375372573656434, -0.4375372573656434, 0.4375372573656434
47524291.19536395, 2.249866093457124, -0.22498660934571243, 0.22498660934571243
38780150.036160395, 4.640745819590992, -0.46407458195909923, 0.46407458195909923
22298508.92673146, 3.2657125479797116, -0.32657125479797117, 0.32657125479797117
46135880.3722444, 5.277935897719472, -0.5277935897719472, 0.5277935897719472
57708200.94688939, 3.0705950174411, -0.30705950174411, 0.30705950174411
40531353.10392541, 2.5559559154874174, -0.25559559154874173, 0.25559559154874173
40826034.29595347, 4.344657020361381, -0.4344657020361381, 0.4344657020361381
69350141.25487669, 8.166854247547885, -0.8166854247547886, 0.8166854247547886
82277935.69328213, 2.698221463684816, -0.2698221463684816, 0.2698221463684816
9515940.06655768, 3.3377032408414298, -0.333770324084143, 0.333770324084143
65722120.55294092, 1.9371981507574094, -0.19371981507574096, 0.19371981507574096
32057523.528531544, 3.0400637215002932, -0.30400637215002935, 0.30400637215002935
132498920.6279506, 3.071899992629081, -0.30718999926290813, 0.30718999926290813
14599259.082629923, 3.7623928577198402, -0.37623928577198407, 0.37623928577198407
94385464.46542953, 8.411375044039511, -0.8411375044039512, 0.8411375044039512
67408073.93419802, 3.170544842212635, -0.31705448422126353, 0.31705448422126353
15181506.885957101, 4.631759530516404, -0.4631759530516404, 0.4631759530516404
51140072.825836495, 2.2367195723826283, -0.22367195723826283, 0.22367195723826283
123160393.2808331, 3.97865460737584, -0.397865460737584, 0.397865460737584
9420194.262247767, 4.3688261825679, -0.43688261825679, 0.43688261825679
39429115.9235339, 10.22991094117588, -1.0229910941175882, 1.0229910941175882
6407977.346658626, 2.523113055591591, -0.2523113055591591, 0.2523113055591591
88784804.08495632, 3.80693728647927, -0.38069372864792705, 0.38069372864792705
30521659.708379395, 3.0169612027419794, -0.30169612027419795, 0.30169612027419795
133162734.21221165, 3.601147671034667, -0.36011476710346674, 0.36011476710346674
94087086.85742188, 2.2339015257286143, -0.22339015257286143, 0.22339015257286143
90701736.17677678, 3.2663382767394453, -0.32663382767394455, 0.32663382767394455
41492557.818450965, 2.191208361527809, -0.2191208361527809, 0.2191208361527809
116671364.15849432, 2.1126402906931965, -0.21126402906931965, 0.21126402906931965
9878934.151904302, 2.8062382625358295, -0.28062382625358295, 0.28062382625358295
68611861.67642574, 2.94711625701526, -0.29471162570152604, 0.29471162570152604
80389276.70529047, 1.8027013513438928, -0.18027013513438928, 0.18027013513438928
114590857.44760777, 6.229955272093856, -0.6229955272093857, 0.6229955272093857
