13210 1.51422 1441073960 2125271 2125272 -415.98 -77.5 -387 -359.72 -60.19 -461.85 0 1 935.85 95.2226 
13210 1.51472 1441077032 3464795 3464797 45.1 76.78 509.43 -26.23 6.12 416.69 0 1 314.775 136.68 
13210 2.73438 1441077423 3634737 3634739 383.97 -438.83 102.53 431.21 -408.29 -44.74 0 1 926.95 157.648 
13210 1.46633 1441079182 4403581 4403582 -45.74 28.99 462.48 41.14 6.03 459.43 0 1 99.225 89.9144 
13210 1.43528 1441081138 5256374 5256375 -26.07 -57.33 581.2 30.58 -11.71 450.06 0 1 866.7 149.96 
13210 1.34642 1441082300 5759792 5759793 -8.45 -13.78 495.06 35.36 -20.05 469.66 0 1 166.45 51.0273 
13210 2.01126 1441082575 5880309 5880310 73.38 563.89 -162.11 150.67 541.19 0.17 0 1 529.625 181.173 
13210 1.68299 1441085778 7278164 7278165 -292.62 20.84 -499.47 -272.84 113.96 -497.29 0 1 129.175 95.2225 
13210 1.29263 1441097796 12686260 12686261 -42.87 8.7 534.53 -37.55 22.45 446.88 0 1 869.375 88.8813 
13210 1.40708 1441101892 14612578 14612580 38.07 4.34 515.47 60.93 39.65 496.04 0 1 684.025 46.3346 
13210 2.90448 1441105335 16444856 16444860 -53.6 44.17 431.59 -13.35 46.2 483.46 0 1 597.1 65.6862 
13210 1.36155 1441116500 23748331 23748333 19.89 -37.81 465.13 7.9 3.26 427.7 0 1 873.1 56.8464 
13210 1.55967 1441123892 29311162 29311163 64.6 34.38 450.05 29.38 -23.65 499.67 0 1 691.125 84.0837 
13210 1.43308 1441130434 33899403 33899405 -15.63 17.46 561.41 27.08 -28.66 597.07 0 1 886.375 72.2692 
13210 1.27054 1441133468 36031830 36031831 -12.81 -43.28 431.83 9.67 -43.6 574.01 0 1 489.925 143.947 
13211 1.37673 1441155897 5037870 5037872 12.77 21.24 554.05 5.58 -14.21 442.08 5 1 706.45 117.668 
13211 2.14041 1441157702 6306423 6306424 -30.57 -22.15 427.29 29.17 -15.43 420.94 5 1 819.9 60.4512 
13212 1.36722 1441165992 1283192 1283193 -18.15 25.01 546.8 2.61 -21.66 433.39 5 1 160.275 124.382 
13212 1.4717 1441167013 1693063 1693064 8.84 -9.24 579.62 60.03 83.1 461.06 5 1 936.475 158.756 
13212 1.32974 1441168153 2181048 2181050 31.83 -27.24 481.66 -13.44 -20.98 443.42 5 1 843.25 59.5891 
13212 2.29986 1441169508 2781172 2781173 423.83 272.56 234.61 414.73 278.86 260.72 5 1 48.125 28.359 
13212 1.43748 1441171343 3595828 3595829 -4.21 41.21 509.7 44.96 -72.44 493.66 5 1 295.425 124.865 
13212 1.39692 1441172437 4078780 4078781 26.68 -15.77 563.5 -140.45 -101.65 551.01 5 1 440.95 188.318 
13212 2.48345 1441179977 7386849 7386850 49.76 11.53 431.79 13.44 14.9 454.19 5 1 22.65 42.8049 
13212 1.24 1441181245 7947775 7947776 1.88 32.39 482.66 118.67 -29.25 577.78 5 1 850.7 162.749 
13212 1.33503 1441186127 10107560 10107561 -1.6 -16.21 482.28 -17.15 10.54 419.4 5 1 540.025 70.0804 
13212 1.50859 1441189515 11599131 11599132 51.27 -34.57 589.46 -31.29 9.91 433.77 5 1 651.5 181.753 
13212 1.44358 1441193742 13524511 13524512 -29.65 -49.06 488.25 12.55 -23.41 379.92 5 1 279.95 119.055 
13212 2.85382 1441196255 14666592 14666593 19.19 -26.35 477.59 28.58 -6.92 458.56 5 1 14.975 28.7722 
13212 1.2401 1441196277 14677341 14677343 -17.99 -6.28 577.26 -8.58 6.95 451.29 5 1 308.35 127.012 
13212 1.26673 1441216565 23940420 23940421 -8.19 26.18 496.38 6.16 -21.59 458.41 5 1 234.5 62.6867 
13212 1.47707 1441218450 24799199 24799200 -23.74 -40.35 588.59 -28.41 0.44 463.26 5 1 341.775 131.883 
13212 1.48412 1441221030 25982631 25982632 39.11 -1.65 505.44 12.13 20.89 437.64 5 1 696 76.3728 
13213 3.00371 1441237824 960615 960616 -16.62 -26.01 450.44 -0.1 1.04 408.27 5 1 727.45 52.7534 
13213 1.60917 1441238091 1066015 1066018 -34.91 37.68 442.6 -23.46 -3.69 406.01 5 1 992.9 56.404 
13213 2.19841 1441239338 1558574 1558575 1.68 -4.43 477.89 37.7 -1.62 418.58 5 1 235.875 69.4479 
13213 1.59466 1441240794 2159510 2159512 18.39 -2.44 451.3 21.06 19.83 437.3 5 1 709.775 26.4402 
13213 1.24393 1441254036 7755986 7755987 3.47 80.95 530.92 -23.08 223.97 548.58 5 1 972.55 146.532 
13213 1.31566 1441266219 12897933 12897934 -1.95 8.14 549.26 -74.76 33.99 464.11 5 1 484.15 114.978 
13213 1.40386 1441275734 18024711 18024712 -0.36 38.07 564.81 -25.47 23.19 453.46 5 1 579.8 115.112 
13213 1.43217 1441276641 18527695 18527696 -34.87 20.07 549.08 -34.94 -3.96 453.02 5 1 981.725 99.0201 
13213 2.6339 1441277028 18742932 18742934 -551.26 -36.35 125.52 -548.3 35.72 210.45 5 1 522.125 111.427 
13213 1.33452 1441280397 20368042 20368043 31.04 56.22 527.69 41.88 5.1 460.83 5 1 715.45 84.8588 
13213 1.37147 1441289075 24535279 24535280 4.76 -84.12 420.99 -18.42 13.07 454.08 5 1 202.15 105.253 
13213 3.96945 1441289977 24969851 24969855 -13.16 53.25 450.85 -47.09 16.23 458.07 5 1 269.35 50.7332 
13213 1.48045 1441292523 26187675 26187676 -47.6 -7.25 565.23 23.42 -31.6 443.01 5 1 805.5 143.438 
13213 1.28719 1441296591 28130711 28130712 49.26 -2.49 550.28 5.38 6.23 468.69 5 1 326.5 93.0507 
13213 1.51778 1441299911 29721273 29721274 139.38 127.8 -562.08 217.12 241.01 -455.68 5 1 284.5 173.727 
13213 1.6722 1441302908 31158901 31158902 22.94 -12.84 450.77 192.52 7.16 550.6 5 1 586.35 197.796 
13213 1.44228 1441304102 31729248 31729249 32.83 -17.05 408.27 93.16 -25.59 400.08 5 1 390.475 61.4794 
13214 1.57348 1441325694 1701172 1701174 0.65 -4.53 459.41 -38.77 -11.34 462.01 5 1 497.8 40.0883 
13214 2.55293 1441332443 4346615 4346616 -24.69 8.59 438.04 -3.5 -11.79 379.07 5 1 398.45 65.8925 
13214 1.62355 1441339203 6994255 6994256 -34.23 582.85 63.73 74.77 579.26 38.99 5 1 836.975 111.83 
13214 1.43998 1441342031 8109279 8109281 -28.94 -14.76 490.95 -51.44 -0.99 495.75 5 1 265.4 26.8124 
13214 1.39853 1441344877 9231115 9231116 -5.48 24.83 510.07 -20.25 -55.75 452.08 5 1 571.85 100.37 
13214 1.79737 1441345805 9596182 9596183 20.52 -20.01 454.3 -124.31 -44.47 582.72 5 1 214.05 195.104 
13214 1.49731 1441347975 10583282 10583283 -2.61 -49.62 485.69 -23.06 85.15 475.06 5 1 614.975 136.727 
13214 1.32117 1441349495 11294459 11294460 -21.03 -79.53 481.57 -13.39 28.71 585.41 5 1 187.275 150.19 
13214 2.92135 1441350717 11865855 11865859 -20.93 -8.61 428.05 -5.24 -21.82 451.24 5 1 908.875 30.9589 
13214 1.33157 1441357814 15272346 15272347 -195.5 -266.08 -477.8 -294.92 -338.82 -340.75 5 1 922.8 184.277 
13214 1.32607 1441358961 15837672 15837673 -51.2 21.82 475.09 9.54 19.12 445.27 5 1 711.45 67.7191 
13214 1.56418 1441369978 21257282 21257283 -1.88 39.46 543.05 3.19 -32.12 501.2 5 1 618.2 83.0712 
13214 1.55075 1441369991 21263959 21263961 -448.36 339.22 -151.64 -468.79 339.09 -149.78 5 1 851.8 20.5149 
13214 1.39268 1441373504 22996593 22996594 -15.42 14.67 581.01 -52.12 2.23 414.39 5 1 617.325 171.067 
13214 1.48422 1441385884 29112385 29112387 -20.19 16.93 517.19 -87.86 97.98 581.94 5 1 858.6 123.858 
13215 2.62694 1441408373 17306 17307 353.06 -2.6 -297.84 394.32 39.12 -449.91 0 1 92.05 162.998 
13215 2.3433 1441414108 2410309 2410310 22.54 15.9 444.49 49.14 46.55 441.35 0 1 371.725 40.7043 
13215 3.61643 1441418679 4564473 4564474 368.62 -222.53 161.29 439.26 -248.29 142.58 0 1 267.75 77.4832 
13215 1.63111 1441426286 8598235 8598236 -50.6 -55.63 430.45 -18.47 -23.3 475.08 0 1 4.075 63.7919 
13215 1.25333 1441426365 8640740 8640742 12.08 9.76 449.82 -0.36 -31.64 430.57 0 1 871.25 47.321 
13215 1.62587 1441430466 10825693 10825694 -52.61 -14.94 474.22 22.79 -9.65 466.76 0 1 8.825 75.9526 
13215 1.3656 1441432447 11879213 11879215 -13.06 7.39 565.74 1.71 -26.75 478.01 0 1 553.9 95.2903 
13215 1.66371 1441444634 18365125 18365126 -109.09 -459.16 267.24 55.33 -489.19 278.66 0 1 30.05 167.53 
13215 1.54613 1441450289 21365936 21365938 -24.93 -2.66 475.51 -39.06 35.57 441.9 0 1 860.4 52.8282 
13215 1.39913 1441451119 21807008 21807009 28.65 30.3 452.57 -0.2 -30.84 530.84 0 1 460.55 103.424 
13215 2.32674 1441451363 21937672 21937673 584.72 -4.4 56.32 581.35 -101.31 -72.58 0 1 521.025 161.301 
13215 1.52951 1441451810 22173315 22173316 -27.86 -5.5 426.56 -12.05 -54.24 469.44 0 1 887 66.815 
13215 1.59895 1441454475 23588680 23588681 -0.8 -1.54 450.38 -46.15 -64.14 446.2 0 1 783.55 77.4135 
13215 1.41603 1441459093 26046195 26046196 10.39 -33.87 559.29 -22.22 34.95 417.84 0 1 93.375 160.648 
13215 1.5364 1441460561 26825558 26825560 -468.43 63.08 355.18 -322.51 123.11 459.67 0 1 588.575 189.247 
13215 1.4878 1441460566 26828119 26828121 12.29 32.32 534.37 -40.66 17.28 476.32 0 1 944.775 79.9982 
13215 1.39752 1441466698 30099038 30099039 -14.51 21.25 497.66 31.87 -63.21 426.91 0 1 176.975 119.541 
13215 1.29376 1441471006 32405166 32405168 -13.98 -32.32 453.44 -86.97 -114.68 399.31 0 1 566.875 122.641 
13215 2.71655 1441474870 34475120 34475121 -40.77 -46.09 409.59 -141.61 -47.27 578.3 0 1 698.775 196.553 
13215 1.65347 1441475452 34782813 34782814 33.81 39.14 529.21 -27.25 24.43 433.43 0 1 663.65 114.536 
13215 1.12611 1441481194 37862042 37862043 10.4 70 403.82 0.64 18.5 428.67 0 1 336.1 58.0089 
13215 1.68116 1441481296 37916276 37916277 -4.63 -33.11 472.75 17.85 43.72 480.16 0 1 479.275 80.3935 
13215 2.406 1441482591 38605984 38605985 -5.47 125.08 -86.18 14.98 93.89 -93.6 0 1 18.5 38.0273 
13215 1.3657 1441484568 39660930 39660931 -0.24 28.97 539.37 -106.98 -134.25 568.11 0 1 476.125 197.13 
13215 1.41211 1441487153 41044908 41044909 33.6 6.9 503.59 1.53 -8.12 422.34 0 1 202.775 88.6321 
13215 1.31556 1441490319 42735392 42735394 43.58 -31.74 437.08 -9.2 -26.1 443.1 0 1 343.25 53.4208 
13216 1.50236 1441494402 22623 22624 74.46 -39.72 398.77 -1.47 -51.57 479.5 5 1 637.25 111.459 
13216 3.33942 1441506698 5043972 5043973 -34.78 -6.68 428.43 -65.97 -25.64 469.74 5 1 527.125 55.1254 
13216 1.22954 1441509722 6282873 6282874 71.46 -37.88 477.66 18.7 -9.33 430.39 5 1 39.725 76.3752 
13216 1.14801 1441511294 6928018 6928020 0.37 26.81 444.59 -3.51 34.91 428.72 5 1 998.45 18.2352 
13216 1.36155 1441514043 8053933 8053934 54.96 18.13 587.23 10.99 -5.25 484.9 5 1 339.025 113.804 
13216 1.2997 1441518255 9787030 9787031 44.7 34.21 536.35 -3.43 20.27 443.6 5 1 852.725 105.42 
13216 1.34348 1441519481 10290943 10290944 19.53 -13.92 440.52 8.88 31 418.37 5 1 755.225 51.204 
13216 3.18731 1441527461 13564903 13564905 49.94 -35.23 -593.42 128.59 108.47 -531.27 5 1 716.675 175.209 
13216 1.6641 1441532719 15726363 15726364 23.52 9.9 501.99 4.63 6.28 430.96 5 1 5.2 73.588 
13216 3.19199 1441546752 21871972 21871973 -37.82 -28.02 365.97 -55.68 -22.17 435.69 5 1 417.525 72.2086 
13216 1.4098 1441553387 24798201 24798202 21.32 33.3 577.36 0.14 -13.46 419.92 5 1 541.975 165.597 
13216 1.41352 1441554022 25080661 25080662 10.99 -11.73 422.95 -0.51 33.53 450.41 5 1 242.125 54.1735 
13216 1.3736 1441555377 25679992 25679994 0.82 -16.96 508.87 7.58 -16.41 475.11 5 1 922.225 34.4346 
13216 2.44724 1441557075 26430781 26430783 18.52 16.57 446 -12.25 59.07 455.13 5 1 799.5 53.2579 
13216 1.26951 1441561932 28563486 28563489 -18.71 6.69 507.03 26.03 25.45 462.68 5 1 748.25 65.7307 
13216 1.80451 1441562306 28726901 28726902 -4.95 -528.33 -278.37 181.21 -499.29 -256.55 5 1 402.6 189.671 
13217 1.41482 1441585240 1872214 1872216 15.02 27.72 450.69 29.15 27.99 497.07 0 1 760.05 48.4854 
13217 1.6722 1441590846 4285383 4285384 -5.64 8.73 439.98 -18.92 19.94 501.07 0 1 298.825 63.5139 
13217 1.50741 1441601767 9487321 9487322 57.03 41.6 538.98 6.27 13.43 460.45 0 1 702.5 97.658 
13217 1.50741 1441612319 14767297 14767298 7.12 -32.31 433.56 -89.72 30.93 483.54 0 1 247.65 125.997 
13217 1.55183 1441619863 18550477 18550478 -19.24 310.4 502.57 -128.69 383.61 441.45 0 1 723.7 145.171 
13217 1.58871 1441625825 21635452 21635454 -5.61 26.62 439.46 4.5 77.34 535.7 0 1 352.975 109.256 
13217 1.40899 1441627261 22437265 22437266 44.38 10.83 436.23 -19.16 4.43 450.29 0 1 916.75 65.3909 
13217 1.39661 1441628532 23207367 23207368 8.1 26.11 426.05 -6.18 -5.97 455.06 0 1 372.375 45.5481 
13217 1.26405 1441628894 23427085 23427086 41.78 -0.24 459.33 9.03 -11.87 478.78 0 1 955.175 39.8262 
13217 1.54328 1441633742 26371796 26371797 20.76 -23.43 510.14 29.02 -95.07 587.97 0 1 933.8 106.104 
13217 1.15159 1441634853 27043014 27043015 -6.28 27.01 467.9 -10.14 -30.14 435.41 0 1 198.05 65.853 
13217 1.37339 1441647066 34465390 34465391 -8.88 2.19 497.85 18.97 0.04 429.74 0 1 120.85 73.6153 
13217 1.28771 1441651293 37038250 37038251 -177.07 -494.69 109.07 -320.78 -465.56 -14.08 0 1 349.55 191.486 
13217 1.43868 1441662129 43642238 43642242 9.93 23.99 553.15 32.36 38.09 574.88 0 1 915.175 34.2652 
13220 1.62306 1441675287 2233248 2233249 -550.76 103.68 -191.23 -522.11 187.72 -75.32 0 1 612.025 146.009 
13220 1.32943 1441675291 2234939 2234941 -11.38 -19.25 460.8 -8 -13.53 434.14 0 1 223.975 27.4754 
13220 1.43297 1441685293 6394285 6394286 -41.27 -33.19 588.58 28.09 13.83 437.31 0 1 679.45 172.929 
13220 2.62055 1441691448 8971398 8971399 342.93 418.48 11.52 214.59 464.89 55.85 0 1 774.45 143.493 
13220 1.42837 1441697394 11454302 11454303 -54.31 6.56 500.5 -118.48 96.31 496.84 0 1 755.25 110.391 
13220 1.45227 1441699173 12200206 12200207 -35.28 26.25 549.73 6.2 -14.82 458.5 0 1 715.45 108.306 
13220 1.53158 1441701290 13084375 13084376 -70.57 -16.03 405.3 -2 -29.91 485.81 0 1 611.7 106.66 
13220 1.44957 1441710177 16967840 16967841 20.52 17.98 454.09 5.85 -47.25 410.52 0 1 205.55 79.8029 
13220 1.73445 1441715601 19402983 19402984 -19.18 16.53 434.3 -11.1 -29.68 433.71 0 1 94.125 46.9148 
13220 1.70809 1441716335 19730286 19730288 42.47 -32.11 450.44 22.37 -45.2 449.29 0 1 491.55 24.0142 
13220 1.43017 1441725189 23708808 23708809 -22.19 -4.6 519.46 14.95 -10.59 473.96 0 1 911.1 59.0382 
13220 1.41934 1441734886 28090366 28090367 36.85 41.43 503.42 7.4 2.73 468.74 0 1 762.375 59.7302 
13220 1.17465 1441736855 29015475 29015476 -26 -9.8 453.21 -55.9 -31.8 448.05 0 1 446.475 37.4785 
13220 1.42416 1441744175 32454110 32454111 -4.74 -17.68 452.32 1.66 5.16 589.68 0 1 354.625 139.393 
13220 1.29119 1441753527 36843028 36843029 -16.57 15.51 430.67 3.65 -28.12 460.83 0 1 743.375 56.7631 
13220 1.88403 1441753788 36967427 36967429 -50.07 -52.82 453.83 5.39 -1.06 422.63 0 1 833.65 82.0265 
13221 2.22671 1441769783 5813755 5813756 -27.11 -13.27 486.92 -4.54 -22.36 453.76 5 1 43.225 41.1293 
13221 1.36712 1441776520 8909102 8909103 4.75 37.59 474.12 54.58 36.92 451.66 5 1 664.925 54.662 
13221 1.67278 1441780256 10688170 10688171 -155.38 458.84 323.78 -69.08 463.35 353.26 5 1 573.75 91.3077 
13221 1.67933 1441780456 10783393 10783394 -48.34 -30.73 441.37 -3.62 -25.49 405.4 5 1 67.55 57.6297 
13221 2.81271 1441782899 11953778 11953781 29.22 -29.77 442.59 -11.17 17.61 484.7 5 1 120.1 75.163 
13221 1.35485 1441783612 12292198 12292199 29.75 14.37 436.2 8.23 -26.33 565.34 5 1 277.9 137.101 
13221 1.51541 1441794804 17555555 17555558 -34.24 13.93 533.82 52.09 27.21 447.21 5 1 394.075 123.006 
13221 1.3446 1441797530 18940382 18940383 -7.71 -22.64 572.95 5.36 -37.29 496.48 5 1 530.225 78.95 
13221 1.52606 1441799900 20145927 20145928 -21.61 16.81 433.96 0.27 42.1 462.68 5 1 708.325 44.0813 
13221 1.42406 1441805699 23080041 23080043 -17.33 23.47 484.18 47.61 10.19 415.81 5 1 470.5 95.2261 
13222 1.48005 1441844391 2050974 2050975 -6.45 -23.09 571.4 2.42 10.15 467.74 5 1 121.75 109.22 
13222 2.30566 1441850643 5294894 5294896 -42.33 588.05 62.14 -201.49 545.8 -19.76 5 1 550.15 183.915 
13222 1.44708 1441851723 5879775 5879776 11.76 0.74 592.34 -22.56 -27.45 437.92 5 1 358.25 160.68 
13222 1.95572 1441854327 7284523 7284524 -178.34 571.04 -43.2 -89.83 585.23 70.54 5 1 636.65 144.818 
13222 1.43047 1441857148 8811111 8811112 -8.97 -8.36 446.27 8.85 1.53 394.11 5 1 955.225 56.0003 
13222 1.57709 1441857316 8901130 8901131 -49.49 -70.13 425 28.32 -18.77 423.89 5 1 827.475 93.2388 
13222 1.64332 1441869199 15345875 15345877 -34.06 10.32 452.13 -15.94 24.62 408.33 5 1 800.025 49.5103 
13222 1.31668 1441875959 19012497 19012498 36.79 -18.89 -577.72 -111.08 -51.65 -585.21 5 1 705.625 151.641 
13222 1.48035 1441880187 21416916 21416917 3.86 -32.1 536 -19.73 8.51 422.59 5 1 299.375 122.75 
13222 1.47797 1441884450 23849702 23849703 6.03 29.33 501.66 -30.12 44.28 439.2 5 1 888 73.6992 
13222 1.34592 1441887828 25775403 25775404 -14.71 11.38 537.35 44.7 23.4 466.71 5 1 916.375 93.0808 
13222 1.57582 1441891115 27658005 27658006 -454.08 269.67 -191.26 -506.76 295.56 -81.62 5 1 39.85 124.364 
13222 1.51166 1441905243 35718209 35718211 9.94 8.19 486.49 -25.33 -17.38 462.7 5 1 389.775 49.6363 
13222 1.86799 1441906086 36204831 36204833 -394.24 376.36 -204.02 -456.69 335.22 -94.47 5 1 896.45 132.641 
13222 1.46722 1441909346 38066788 38066789 7.95 -14.79 467.65 71.52 16.72 473.85 5 1 74.25 71.2212 
13222 1.85062 1441909585 38202769 38202770 345.65 -338.95 -332.83 406.05 -307.39 -313.01 5 1 42.825 70.972 
13222 1.53975 1441917774 42889727 42889728 -45.55 -2.17 594.54 23.37 -37.73 452.18 5 1 825.475 162.114 
13223 1.47389 1441929745 1459222 1459223 13.57 -69.22 525.04 -26.89 -16.44 424.5 5 1 891.65 120.545 
13223 1.45826 1441944233 8000995 8000996 -18.96 -46.51 486.97 -5.45 -36.53 433.7 5 1 882.675 55.8553 
13223 1.4109 1441956419 13582582 13582583 45.24 14.38 446.55 -20.46 -48.74 415.44 5 1 582.4 96.2728 
13223 1.41442 1441973352 21830264 21830265 14.12 6.52 469.12 2.52 -79.38 455.83 5 1 515.975 87.6926 
13223 2.52518 1441974429 22367487 22367488 500.51 323.02 -35.22 476.09 344.97 103.18 5 1 578.1 142.242 
13223 1.28781 1441977688 24065589 24065590 11.76 3.05 497.63 -7.37 -2.43 462.01 5 1 340.85 40.8016 
13223 1.46164 1441978720 24664197 24664198 -33.26 4.67 530.19 -39.47 -24.74 452.98 5 1 152.575 82.8547 
13223 2.05076 1441979307 25004422 25004423 -190.12 136.23 533.36 -223.51 132.73 515.93 5 1 284.175 37.8279 
13223 1.16827 1441979558 25152301 25152302 -52.51 -2.27 425.11 5.02 -0.02 438.29 5 1 532.7 59.0633 
13223 1.94007 1441984767 28330604 28330607 68.52 39.09 479.15 29.26 -22.51 508.34 5 1 944.65 78.6636 
13223 1.45407 1441987478 30142095 30142096 163.03 519.49 -107.18 92 555.77 58.43 5 1 35.825 183.816 
13223 2.64956 1442006601 43309320 43309321 -585.07 85.2 -78.8 -523.39 214.31 -146.37 5 1 348.075 158.239 
13223 1.48303 1442010177 45829838 45829839 -57.76 2.67 542.24 6.29 -39.53 435.11 5 1 849.75 131.758 
13224 2.40377 1442014748 226050 226051 -302.79 415.15 -278.68 -454.42 320.84 -216.29 5 1 873.775 189.152 
13224 1.35018 1442029273 6188666 6188667 60.8 -5.51 470.67 8.69 -3.71 461.36 5 1 22.575 52.9657 
13224 1.29222 1442035153 8678433 8678434 31.3 2.64 447.36 9.75 -21.69 467.75 5 1 734.55 38.368 
13224 3.49032 1442037491 9661565 9661566 14.69 -42.04 432.23 -14.42 -13.06 411.9 5 1 535.725 45.8317 
13224 1.41291 1442037710 9754520 9754521 29.84 32.41 398.88 -8.02 21.91 497.66 5 1 541.175 106.307 
13224 1.42095 1442044583 12652281 12652282 -30.57 -4.25 580.76 18.97 -14.44 454.19 5 1 618.15 136.301 
13224 1.47985 1442047759 13998617 13998618 57.4 13.39 496.61 -27.55 -108.67 546.81 5 1 194.7 156.956 
13224 1.61879 1442048996 14523050 14523051 -43.51 10.72 547.25 -38.7 3.11 475.35 5 1 479.325 72.4614 
13224 1.55634 1442053630 16475978 16475979 -0.9 -79.43 345.39 -27.27 21.32 460.87 5 1 417.4 155.504 
13224 1.46224 1442059739 18305139 18305140 -18.92 27.57 455.72 -1.34 -33.43 443.5 5 1 95.725 64.6482 
13224 1.3945 1442064131 20164755 20164757 0.9 3.48 471.23 -23.65 -30.19 432.82 5 1 977.675 56.6719 
13224 1.34947 1442065588 20776199 20776200 -20.68 28.72 574.27 35.39 24.44 584.2 5 1 743.525 57.1031 
13224 1.63896 1442069165 22290463 22290465 583.98 88.43 -28.79 588.84 15.12 8.79 5 1 835.55 82.5241 
13224 2.01269 1442075114 24792986 24792989 70.79 -28.68 447.67 15.08 -27.24 441.3 5 1 940.05 56.0915 
13224 1.50236 1442082600 27951575 27951576 13.31 -19.08 397.86 12.28 -13.37 429.85 5 1 789.175 32.5119 
13224 1.49345 1442088872 30594688 30594689 -23.18 -73.28 470.59 22.15 13.57 459.64 5 1 323.15 98.5781 
13225 1.27538 1442107648 2483262 2483263 21.6 -35.63 453.21 15.89 -18.76 471.27 0 1 776.825 25.3646 
13225 1.55663 1442108646 2900791 2900792 9.05 0.21 452.6 -10.34 0.44 478.66 0 1 17.675 32.483 
13225 1.51669 1442111474 4088030 4088031 1.47 -41.26 575.27 -35.48 -43.99 433.61 0 1 459.8 146.425 
13225 3.07056 1442114852 5512847 5512849 -10.07 -33.52 448.72 19.21 -20.58 483.82 0 1 824.45 47.5055 
13225 1.77306 1442118903 7220090 7220091 15.26 3.12 410.5 -12.81 14.16 459.32 0 1 928.9 57.3864 
13225 2.89124 1442129955 11872976 11872979 81.99 2.84 381.61 -48.81 23.86 444.35 0 1 440.1 146.584 
13226 1.35282 1442135069 328014 328015 5.85 -6.73 449.24 -23.39 -4.72 461.97 0 1 10.375 31.9542 
13226 1.54407 1442138662 1920998 1920999 -73.12 29.97 491.91 -19.49 15.83 576.22 0 1 491.025 100.917 
13226 3.21385 1442142084 3435541 3435542 -28.8 -32.19 456.36 39.26 22.69 446.47 0 1 161.8 87.9874 
13226 1.77249 1442142832 3767964 3767965 -336.37 -491.58 -17.49 -426.8 -396.24 -130.54 0 1 195.35 173.342 
13226 1.3951 1442146357 5341958 5341959 -50.73 7.59 412.14 3.49 31.12 440.06 0 1 275.275 65.3681 
13226 1.52054 1442155482 9426509 9426510 -242.11 -290.81 -461.42 -130.17 -154.19 -548.88 0 1 723.1 197.091 
13226 1.51166 1442163816 13144508 13144509 -45.91 22.49 417.31 14.21 0.61 420.47 0 1 321.525 64.0557 
13226 1.65569 1442170979 16355396 16355397 -244.96 327.89 -421.44 -245.7 376.45 -394.75 0 1 625.7 55.4164 
13226 1.72842 1442174942 18155708 18155709 -511.13 -297.99 -62.42 -445.58 -388.37 -37.62 0 1 781.675 114.37 
13226 1.69396 1442175956 18642343 18642344 -379.05 449.19 -93.09 -420.3 310.5 -219.71 0 1 790.05 192.274 
13226 1.42235 1442182196 21644414 21644415 -3.42 -44.3 468.15 45.88 -67.63 482.52 0 1 323.125 56.4028 
13227 1.88279 1442201043 5249654 5249656 31.69 11.82 412.38 -18.54 1.36 447.88 0 1 488.875 62.3916 
13227 1.33951 1442207976 8174454 8174455 -8.56 -35.52 480.75 23.61 -18.88 501.54 0 1 239.75 41.7615 
13227 3.04599 1442209191 8687094 8687098 26.02 -4.44 420.19 45.12 -14.28 429.86 0 1 964.75 23.5615 
13227 1.49434 1442214416 10896295 10896297 15.87 5.58 493.93 25.42 23.39 468.77 0 1 816.2 32.2711 
13227 2.0203 1442217557 12220310 12220311 4.01 241.67 -508.61 68.6 375.34 -441.37 0 1 993.1 162.975 
13227 2.06488 1442247824 25838269 25838271 -8.61 2.42 443.58 23.24 21.56 484.94 0 1 458.925 55.6005 
13227 1.30983 1442257823 30631265 30631268 32.17 19.68 382.25 21.99 -4.94 472.73 0 1 952.425 94.3208 
13227 1.548 1442259843 31599493 31599494 -43.91 1.23 562.05 -29.45 -20.77 460.64 0 1 110.15 104.772 
13227 1.94453 1442262318 32786816 32786817 -214.86 -362.16 -420.02 -99.89 -376.4 -453.53 0 1 137.625 120.598 
13227 2.43686 1442268820 35914982 35914983 8.18 26.75 437.93 -24.68 -39.41 453 0 1 588.125 75.3925 
13230 1.31831 1442280008 1899676 1899677 8.44 -42.98 513.11 -7.68 54.23 450.81 5 1 63.8 116.58 
13230 1.56134 1442286412 4504952 4504954 -16.58 6.14 466.9 -12.74 18.1 436.53 5 1 121.85 32.8652 
13230 1.81279 1442289753 5861074 5861076 -12.79 16.96 420.29 -9.9 -17.41 444.01 5 1 373.675 41.8603 
13230 2.27155 1442290918 6333699 6333700 -32.31 15.61 463.78 -22.27 -13.87 438.25 5 1 410.6 40.2698 
13230 1.56604 1442296198 8478627 8478629 97.51 -21.64 509.07 -8.29 -59.64 428.87 5 1 723.15 138.093 
13230 3.23514 1442302451 11033669 11033672 -3.9 31.96 488.96 -17.76 -24.19 449.67 5 1 85.6 69.9187 
13230 1.43438 1442314607 16583129 16583130 -20.48 -22.93 483.09 -88.74 -34.02 534.14 5 1 627.2 85.9565 
13230 1.64167 1442315797 17046809 17046811 -152.41 -82.1 -558.39 -97.08 -42.85 -550.57 5 1 730.2 68.2871 
13230 1.42075 1442329031 22398378 22398379 -37.05 2.57 565.66 -33.27 -87.26 462.75 5 1 293.7 136.654 
13230 1.30912 1442343342 28199491 28199492 13.4 -15.91 472.13 -19.86 -58.11 408.04 5 1 178.025 83.6337 
13230 1.3226 1442357497 33951838 33951839 10.5 40.76 514.98 3.54 -34.11 452.99 5 1 170.45 97.4511 
13231 1.35282 1442361403 771597 771598 11.9 -17.96 485.41 -20.98 10.48 429.31 0 1 535.375 70.9728 
13231 1.43758 1442361987 1001457 1001459 38.35 24.55 550.5 -75.18 -100.24 570.87 0 1 478.4 169.931 
13231 1.38512 1442369237 3945938 3945939 11.53 -42.75 453.62 -40.39 3.45 468.87 0 1 92.075 71.1526 
13231 1.65492 1442371157 4725186 4725187 -40.96 20.03 557.49 -15.94 2.4 465.35 0 1 382.125 97.0906 
13231 1.2372 1442380782 8627337 8627338 -17.89 14.86 530.38 -15.69 -84.67 442.73 0 1 956.375 132.641 
13231 1.45147 1442387567 11377189 11377190 -7.46 23.07 574.03 -12.78 25.85 418.84 0 1 341.075 155.306 
13231 1.58432 1442389692 12238413 12238414 -240.63 -184.97 -514.33 -159.74 -330.77 -455.59 0 1 913.175 176.78 
13231 1.3582 1442391586 13020487 13020488 8.19 5.21 599.29 38.42 18.69 578.24 0 1 622.45 39.2258 
13231 1.53079 1442393918 14040414 14040415 -1.66 -43.93 567.03 -44.24 10.06 477.38 0 1 640.675 112.983 
13231 1.45965 1442400790 17041034 17041038 10.36 71.63 446.59 3.47 -15.26 455.9 0 1 996.85 87.6585 
13231 1.53965 1442407074 19799478 19799479 -43.5 -16.83 588.64 45.94 -23.44 471.38 0 1 812.5 147.625 
13231 1.53473 1442409514 20869101 20869102 104.36 -13.07 433.86 96.96 62.03 581.88 0 1 617.8 166.147 
13231 3.68715 1442410093 21123835 21123836 0.58 -28.02 411.3 25.41 -6.96 454.35 0 1 871.55 53.9755 
13231 1.28452 1442420177 25548397 25548398 -3.9 -14.01 506.61 38.54 24.5 464.1 0 1 999.875 71.3531 
13231 1.47797 1442432322 30862983 30862984 33.49 53.08 377.52 -29.13 19.46 458.72 0 1 579.775 107.912 
13231 2.69601 1442439481 34073569 34073570 9.62 -158.6 332.71 -19.76 -157.03 318.26 0 1 60 32.7788 
13231 1.32872 1442439975 34299785 34299786 -51.23 -19.47 389.44 11.38 30.58 445.17 0 1 140.7 97.6261 
13232 1.33798 1442446393 1066834 1066835 -18.98 50.72 495.91 -9.16 29.27 445 0 1 753.325 56.1103 
13232 1.54535 1442446591 1145245 1145246 -29.88 -17.97 549.65 19.89 6.67 434.05 0 1 438.525 128.248 
13232 1.53266 1442468076 10644388 10644389 22.35 -41.79 429.87 -32.89 -23.78 598.23 0 1 146.825 178.104 
13232 1.49523 1442469206 11142445 11142446 -39.66 -9.7 591.92 -22.01 1.94 588.26 0 1 375.35 21.4571 
13232 1.46852 1442474284 13380020 13380021 -26.9 -10.93 465.74 7.33 -31.31 470.95 0 1 573.2 40.1769 
13232 1.52941 1442475857 14073386 14073387 -5.2 21.03 432.55 -18.27 -11.77 387.35 0 1 661.75 57.3559 
13232 1.33819 1442479419 15647016 15647017 40.54 11.64 511.13 -8.58 34.21 462.36 0 1 293.725 72.8059 
13232 2.97116 1442480175 15981297 15981300 -45.18 -26.41 422.3 25.92 -1.18 479.06 0 1 51.425 94.4111 
13232 1.57993 1442489087 19932552 19932553 -473.64 340.33 -72.85 -409.58 370.18 -191.12 0 1 16.75 137.777 
13232 1.61461 1442501187 25295308 25295309 7.51 -23.8 430.46 -9.07 -44.25 459.44 0 1 110.975 39.1528 
13232 1.76667 1442506196 27561565 27561566 -450.73 348.7 180.12 -450.18 236.08 230.56 0 1 637.275 123.401 
13232 1.42095 1442509029 28942764 28942765 -40.46 -7.34 590.53 -28.51 -8.24 437.09 0 1 552.825 153.907 
13233 1.32291 1442532556 820917 820918 -22.27 -19.88 584.36 -17.52 -34.04 597.18 0 1 549.9 19.683 
13233 1.33646 1442543069 5268314 5268315 -27.45 14.92 514.65 -25.52 7.02 463.26 0 1 682.125 52.0295 
13233 1.41532 1442551339 8894748 8894749 -10.68 -9.93 597.56 -129.1 -28.66 569.24 0 1 451.05 123.191 
13233 2.60381 1442569428 16818995 16818999 -23.17 -17.73 476.78 15.99 -22.4 455.03 0 1 918 45.0375 
13233 1.30165 1442570052 17091453 17091455 -10.68 40.94 483.74 -9.95 -17.3 463.98 0 1 764 61.5052 
13233 1.54947 1442573382 18553623 18553625 -43.79 -7.75 475.07 -27.83 35.74 391.16 0 1 705.975 95.8488 
13233 2.29512 1442576333 19872262 19872263 391.93 286.64 -351.76 371.41 235.3 -351.2 0 1 187.15 55.2918 
13233 1.51798 1442578105 20730433 20730435 28.66 -37.85 410.06 21.83 -7.06 439.81 0 1 444.825 43.3559 
13233 1.41924 1442580672 21990747 21990752 -55 5 551.43 -25.13 -21.06 413.36 0 1 915.525 143.648 
13233 2.68732 1442588723 25937997 25937998 497 -192.16 -268.81 505.14 -206.4 -104.87 0 1 514.125 164.758 
13233 1.49117 1442589963 26548052 26548055 22.17 44.24 531 -6.29 -18.33 474.58 0 1 547.375 88.928 
13233 1.51975 1442590510 26821602 26821604 -38.23 -21.37 466.71 13.5 18.11 437.16 0 1 895.35 71.4693 
13233 1.26045 1442603248 33117174 33117175 20.92 -25.07 445.4 -34.7 -17.39 446.63 0 1 762.7 56.1612 
13233 2.52014 1442605280 34126665 34126667 -244.88 437.17 -328.84 -117.28 364.86 -453.46 0 1 625.65 192.459 
13233 2.23306 1442608174 35659398 35659399 -466.61 -101.63 -316.54 -447.22 60.99 -322.15 0 1 166.575 163.868 
13233 1.39208 1442612084 37828640 37828641 -3.3 4.49 426.19 -21.54 -29.87 461.25 0 1 969.175 52.369 
13233 1.36509 1442618281 41916935 41916936 -11.16 60.85 478.84 -39.91 40.52 460.84 0 1 755.2 39.5458 
13234 1.51827 1442621074 784459 784462 -30.23 12.14 505.04 -31.06 -18.66 433.17 0 1 256.2 78.1961 
13234 1.60031 1442622778 1452762 1452763 -47.02 100.89 436.92 -44.6 -22.3 440.38 0 1 603.4 123.262 
13234 2.47209 1442634106 6501050 6501051 362.63 -383.35 140.19 314.99 -440.41 58.8 0 1 51.125 110.226 
13234 1.39974 1442634938 6884688 6884690 -23.11 -35.19 489.5 -21.95 -21.81 406.99 0 1 929.5 83.5959 
13234 1.38501 1442637446 8079026 8079028 22.01 3.53 443.97 8.16 17.2 462.62 0 1 970.175 26.9539 
13234 1.32229 1442640298 9554300 9554302 28.76 -21.13 544.4 -0.04 34.04 443.41 0 1 845.375 118.626 
13234 1.45586 1442662637 22139614 22139616 58.42 -19.28 514.92 -18.21 41.37 435.87 0 1 539.525 125.696 
13234 1.53099 1442664894 23420717 23420718 40.53 -6.79 518.82 -29.26 11.45 420.22 0 1 277.5 122.169 
13234 2.97231 1442684531 34993696 34993702 -15.95 20.13 466.94 -8.57 -41.06 406.8 0 1 355.575 86.1133 
13234 1.56379 1442692271 39894976 39894977 -7.83 27.9 554.37 30.67 -18.88 581.35 0 1 12.225 66.3215 
13234 3.20125 1442693380 40594802 40594804 30.39 0.34 419.6 1.09 -25.62 457.9 0 1 530.175 54.7659 
13234 1.59271 1442703781 47159688 47159689 -17.09 52.31 541.68 -18.05 -13.12 449.64 0 1 211.45 112.931 
13235 1.2589 1442709489 1848482 1848483 18.18 -11.34 529.14 25.21 -32.37 476.02 0 1 96.225 57.5623 
13235 1.16366 1442715252 4262928 4262929 4.75 -8.46 433.58 -36.11 -37.03 409.51 0 1 852.1 55.3638 
13235 1.48253 1442715721 4461447 4461448 52.34 42.22 420.18 -6.32 -27.67 485.56 0 1 49.7 112.25 
13235 1.51817 1442724404 8145600 8145602 34.5 0.57 496.6 21.74 -30.62 419.67 0 1 195.025 83.9872 
13235 1.38269 1442724809 8316928 8316929 -64.56 25.05 510.64 1.84 -33.3 448.88 0 1 768.375 107.833 
13235 1.61033 1442733437 11908774 11908775 34.92 -37.79 429.58 24.92 5.78 469.11 0 1 923.025 59.6738 
13235 1.32515 1442734814 12487071 12487072 2.53 -54.53 456.56 -14.81 52.76 441 0 1 979.175 109.79 
13235 1.13454 1442744097 16416079 16416080 -3.64 1.31 459.31 -28.97 -9.76 442.56 0 1 490.775 32.3221 
13235 1.36864 1442744720 16681124 16681125 0.02 -14.68 532.85 17.58 22.48 439.85 0 1 335.6 101.677 
13235 1.76524 1442745204 16887893 16887895 -7.83 6.44 455.44 -24.66 -23.48 424.6 0 1 471.375 46.1472 
13235 1.37572 1442749705 18794913 18794914 3.76 -18.14 414.79 98.49 48.43 551.8 0 1 89.65 179.38 
13235 1.67364 1442750198 19002702 19002703 -494.76 34.23 328.69 -428.8 -9.63 417.05 0 1 347.25 118.667 
13235 1.36043 1442750709 19220447 19220448 16.82 82.42 593.67 44.12 35.35 441.96 0 1 79.675 161.173 
13235 2.32645 1442752135 19823963 19823964 -25.38 15.49 428.12 -15.25 19.36 439.18 0 1 586.5 15.4893 
13235 1.46712 1442752461 19962531 19962532 138.22 240.58 500.48 310.49 217.42 459.77 0 1 424.325 178.524 
13235 1.5161 1442758133 22364473 22364474 -17.24 14.53 469.34 -53.4 -10.3 496.11 0 1 10.825 51.3878 
13235 1.45237 1442759175 22804751 22804752 26.96 -11.94 496.43 47.65 -18.19 434.25 0 1 128.2 65.8293 
13235 1.33524 1442761160 23647220 23647224 1.33 33.82 465.21 51.31 57.75 461.83 0 1 477.4 55.5164 
13235 3.02715 1442765565 25509746 25509747 28.77 -586.86 -111.87 -155.2 -547.03 -94.39 0 1 210.85 189.042 
13235 1.57348 1442773372 28822313 28822314 -21.24 6.06 393.22 11.78 36.17 462.32 0 1 892.2 82.2906 
13235 3.25661 1442781711 32420738 32420739 345.33 316.43 110.22 377.06 293.66 107.99 0 1 48.325 39.1183 
13235 2.04238 1442786238 34521829 34521830 -31.11 -4.55 441.23 125.67 -20.09 429.93 0 1 592.525 157.953 
13235 1.52961 1442787316 35019989 35019991 -64.97 -8.62 538.83 -6.8 -24.85 444.98 0 1 952.2 111.602 
13235 2.37575 1442787589 35144994 35144995 -484.04 147.77 -301.34 -469.4 158.44 -334.24 0 1 93.775 37.5578 
13236 1.59642 1442792137 311291 311292 -19.17 -58.53 432.95 -7.27 59.15 556.51 5 1 897.95 171.048 
13236 1.39812 1442792287 372835 372836 20.01 -13.25 489.11 -41.54 16.24 429.96 5 1 937.325 90.3149 
13236 1.57592 1442809235 7383999 7384000 -200.87 -507.8 -191.23 -106.73 -556.09 -106.39 5 1 817.875 135.617 
13236 1.5157 1442813056 9001745 9001746 47.01 58.08 544.12 51.44 -31.64 440.15 5 1 701.05 137.401 
13236 2.96695 1442833139 18525461 18525463 -37.8 -32.4 449.61 27.73 58.96 479.52 5 1 33.1 116.342 
13236 1.35566 1442846656 25973896 25973897 3.65 -21.71 443.89 4.18 -7.72 437.55 5 1 777.45 15.3687 
13236 1.58676 1442851921 28882963 28882964 -37 24.71 542.3 -36.58 -19.66 413.93 5 1 919.95 135.822 
13236 1.29458 1442852429 29161525 29161526 22.41 -15.22 525.5 12.4 2.31 468.53 5 1 572.225 60.4407 
13239 4.01907 1442880675 407824 407825 76.83 139.74 -372.84 80.99 162.13 -403.11 5 1 110.925 37.8799 
13239 1.59447 1442886218 2578357 2578358 -275.72 521.41 -24.65 -214.7 538.55 -108.69 5 1 380.15 105.261 
13239 1.27167 1442895390 6283628 6283629 -9.5 -13.06 453.2 13.75 -55.74 483.36 5 1 511.3 57.1994 
13247 2.1226 1443431261 323503 323504 381.13 439.22 -13.08 452.93 390.37 -8.99 0 1 451.075 86.9384 
13247 1.37319 1443431324 357727 357728 -31.67 20.27 480.21 7.6 21.17 453.35 0 1 303.3 47.5857 
13247 1.38047 1443434100 1914208 1914209 68.19 6.18 571.98 -19.13 -0.19 400.23 0 1 671.6 192.778 
13247 1.35211 1443449065 10607950 10607951 -0.6 2.03 545.48 9.26 28.56 447.49 0 1 162.95 101.996 
13247 1.54721 1443453143 12990280 12990281 12.85 -42.01 566.78 41.66 36.73 494.75 0 1 490.3 110.537 
13247 1.44078 1443461981 18195253 18195255 -10.18 -18.42 548.49 -9.35 -2.91 482.48 0 1 672.325 67.8127 
13247 1.53109 1443464868 20015459 20015460 -62.43 35.43 449.04 -21.3 -8.28 448.29 0 1 353.925 60.0234 
13247 1.38552 1443469421 22891602 22891603 -61.99 -24.21 478.37 -24.71 20.79 446.74 0 1 94.025 66.4474 
13247 1.25663 1443470872 23809943 23809945 10.69 -3.63 519.01 -10.45 18.51 454.66 0 1 421.5 71.2601 
13250 1.48383 1443485888 996166 996167 -217.27 -293.86 -440.78 -252.49 -324.71 -402.23 0 1 974.625 60.6488 
13250 2.85603 1443487776 1821399 1821402 9.99 37.67 460.15 4.08 5.96 398.05 0 1 418.6 69.9776 
13250 1.4721 1443502693 8899941 8899943 -23.01 -44.69 504.81 -15.73 -4.34 455.86 0 1 402.7 63.8531 
13250 1.47628 1443503716 9454894 9454896 -15.61 -2.97 510.6 -22.45 -3.66 435.23 0 1 548.675 75.6829 
13250 1.27692 1443504747 10013918 10013919 32.44 -36.14 510.32 -39.23 -42.45 427.71 0 1 529.125 109.548 
13250 1.79727 1443519178 17847175 17847177 -22.55 -0.48 460.72 -100.51 -24.58 494.24 0 1 958.525 88.2166 
13250 2.67275 1443521725 19241798 19241800 336.86 277.74 387.45 302.02 282.13 417.11 0 1 498.95 45.9653 
13250 1.35972 1443522392 19601869 19601870 -24.59 -24.91 537.77 8.26 43.58 442.23 0 1 860.425 122.057 
13250 1.51442 1443531722 24682117 24682121 -181.27 -248.48 472.45 -26.11 -220.12 542.48 0 1 984.275 172.578 
13250 1.53611 1443531780 24712914 24712915 -48.64 56.31 581.58 -52.97 5.44 447.39 0 1 431.2 143.574 
13250 1.12558 1443534596 26253617 26253618 -28.76 6.37 415.62 20.23 28.62 445.37 0 1 849.675 61.4829 
13250 1.30113 1443544032 31406527 31406529 -15.13 7.63 549.02 60.84 -0.18 446.94 0 1 786.2 127.486 
13250 1.48174 1443545603 32263788 32263790 -9.66 39.89 471.92 -18.84 24.19 465.78 0 1 825.125 19.1954 
13250 2.0602 1443549202 34237851 34237854 394.18 260.32 318.01 251.55 315.85 413.44 0 1 499.075 180.371 
13250 1.36297 1443555676 37896324 37896325 -30.5 -4.98 483.35 8.08 4.83 429.99 0 1 934.2 66.5728 
13250 1.5162 1443560941 40900002 40900003 71.09 76.79 468.12 20.4 2.93 437.35 0 1 447.225 94.7184 
13252 2.39417 1443581331 2833763 2833764 254.19 85.26 -536.35 282.32 39.87 -515.85 5 1 388.925 57.1996 
13252 1.46105 1443582179 3186768 3186769 7.91 -42.04 455.49 0.82 -18.53 462.29 5 1 835.95 25.48 
13252 3.04685 1443583004 3534200 3534204 -27.08 -26.34 445.78 -55.8 -34.8 588.27 5 0 514.4 145.602 
13252 1.42927 1443583667 3817009 3817011 -14.82 27.52 505.5 19.58 -41.25 448.41 5 1 516.55 95.7703 
13252 1.8734 1443583890 3910210 3910211 -28.48 90.13 323.97 -12.81 -32.68 392.9 5 1 442.875 141.701 
13252 1.43558 1443585857 4733804 4733805 -66.22 8.07 592.38 -90.75 30.56 571.75 5 1 940.55 39.155 
13252 1.48204 1443585990 4788734 4788735 -3.09 9.95 466.74 -9.04 -6.54 447.25 5 1 366.375 26.2142 
13252 1.44748 1443586141 4852074 4852075 19.64 -19.9 467.16 -20.99 19.98 434.4 5 1 104.675 65.6843 
13252 1.54898 1443586521 5014091 5014095 64.87 65.53 454.53 -27.64 -25.03 464.45 5 1 929.85 129.837 
13252 1.46663 1443590465 6681491 6681492 102.28 -550.73 -163.42 33.26 -424.64 -184.12 5 1 645.425 145.227 
13252 2.84815 1443593067 7777359 7777360 -365.93 390.56 13.84 -312.92 437.92 -153.43 5 1 564.6 181.748 
13252 1.5478 1443606690 13502269 13502270 25.68 12.1 486.4 -19.95 21.9 453.88 5 1 110.275 56.8831 
13252 1.41542 1443615720 17295053 17295054 -25.45 69.3 469.04 81.48 17.41 451.27 5 1 784.425 120.176 
13252 1.42606 1443651761 36166729 36166730 4.39 54.11 587.41 -9.15 19.21 468.2 5 1 151.425 124.949 
13253 1.56428 1443675170 8617289 8617290 25.42 -8.75 456.25 -2.93 -48.29 486.14 5 1 904.725 57.1012 
13253 1.40266 1443683682 12211805 12211806 -8.77 101.74 570.12 -39.38 20.56 447.53 5 1 968.675 150.185 
13253 1.5078 1443687499 13827729 13827730 -75.6 193.3 -533.57 -164.25 44.16 -559.87 5 1 93.475 175.48 
13253 1.44178 1443690111 14928471 14928472 12.23 -20.17 454.48 13.13 -22.08 431 5 1 222.325 23.5748 
13253 1.38229 1443691684 15588930 15588933 -43.74 -20.63 450.05 29.61 -14.58 472.6 5 1 737.575 76.9762 
13253 2.59422 1443700579 19343676 19343677 -25.38 576.13 57.95 13.88 572.52 10.43 5 1 131.325 61.7457 
13253 1.62888 1443714703 25316603 25316606 120.19 35.51 437.74 -18.9 -13.95 455.45 5 1 549.25 148.681 
13253 1.5236 1443732490 32850665 32850669 -16.96 21.42 490.61 28.8 36.46 440.21 5 1 910.125 69.7161 
13253 1.47578 1443737703 35051220 35051221 46.75 7 427.61 -6.65 -13 443.53 5 1 213.6 59.2031 
13254 1.31065 1443756221 2437449 2437450 12.43 -27.86 440.02 -75.87 -16.29 592.81 5 1 61.775 176.849 
13254 3.10172 1443757270 2883923 2883928 -4.95 6.09 445.1 -28.6 -30.82 432.13 5 1 193.125 45.7153 
13255 2.52343 1443840863 3677003 3677004 -363.52 273.37 -362.81 -298.28 369.86 -265.3 0 1 199.05 151.904 
13255 1.7702 1443849043 7428538 7428539 -296.93 261.25 -438.3 -232.6 296.53 -423.78 0 1 300.575 74.7921 
13255 1.55006 1443859782 12578471 12578472 1.9 7.85 433.62 -27.67 17 434.6 0 1 272.475 30.9688 
13255 1.83979 1443866651 15875104 15875106 19.9 24.46 447.48 35.31 -5.27 446.53 0 1 278.275 33.4999 
13255 1.62345 1443878475 21570138 21570139 -43 -24.74 414.29 3.46 -12.7 450.02 0 1 477.575 59.8341 
13255 2.77135 1443879196 21920185 21920187 243.52 -183.49 -483.59 350.78 -71.66 -455.6 0 1 674.675 157.461 
13255 1.43628 1443883244 23875057 23875058 13.57 -51.82 487.25 5.1 33.61 460.56 0 1 252.575 89.9021 
13255 1.2998 1443888392 26346221 26346222 8.2 6.28 485.04 -121.37 23.45 393.12 0 1 725.075 159.789 
13255 2.47772 1443901716 32770762 32770763 475.75 225.29 -155.41 467.34 344.68 -74.37 0 1 974.45 144.541 
13255 1.28637 1443906476 35062786 35062788 8.48 -41.96 458.08 46.6 15.88 484.2 0 1 606.475 74.0328 
13255 2.82606 1443913121 38264047 38264048 -7.72 -15.21 445.84 -9.6 -67.79 407.57 0 1 293.3 65.0598 
13255 1.25746 1443914818 39080087 39080088 39.03 -61.73 492.87 -37.03 9.79 446.96 0 1 947.55 114.052 
13256 1.83637 1443917233 623662 623664 41.03 34.63 420.16 -32.14 19.94 467.95 0 1 340.775 88.6201 
13256 1.33717 1443919134 1375799 1375800 -12.64 11.85 505.98 -9.65 -1.46 419.7 0 1 440.575 87.3518 
13257 1.36094 1443922559 580928 580929 2.63 14.08 457.59 25.71 5.19 415.98 5 1 671.325 48.4057 
13257 2.81396 1443934425 5731223 5731225 51.21 -14.81 479.97 -13.28 -38.85 456.68 5 1 369.475 72.6588 
13257 1.85907 1443935161 6063224 6063226 -180.26 211.08 -415.09 -260.19 190.95 -488.44 5 1 804.675 110.337 
13257 1.42315 1443939013 7812158 7812160 -3.67 5.41 515.9 18.11 4.52 447.83 5 1 816.05 71.4751 
13257 1.52429 1443939469 8017623 8017624 4.9 -16.42 580.93 -22.07 -13.2 469.02 5 1 316.7 115.159 
13258 1.31433 1444009256 1399290 1399291 18.14 -0.47 530.97 -33.1 18.98 439.12 0 1 383.125 106.959 
13258 1.77201 1444009362 1445571 1445572 5.76 -19.22 452.59 -29.13 -26.49 567.31 0 1 760.3 120.128 
13259 1.24682 1444023036 659002 659003 -39.11 20 465.78 7.31 -26.42 465.48 5 1 859.775 65.6485 
13259 1.46125 1444024010 1093397 1093398 -44.28 35.41 551.1 0.61 -13.12 483.97 5 1 125.6 94.2163 
13259 1.46613 1444032612 4909914 4909916 14.94 -20.59 573.36 -15.75 -31.33 432.54 5 1 986.3 144.525 
13259 1.44298 1444032727 4959708 4959709 24.48 -23.53 525.19 35.3 19.84 464.08 5 1 775.325 75.713 
13259 1.30175 1444033568 5330161 5330162 229.69 -159.71 -483.4 81.98 -233.95 -509.18 5 1 413.475 167.315 
13259 1.22902 1444033992 5516605 5516608 -3.77 26.86 436.08 38.76 2.78 429.75 5 1 755.05 49.282 
13259 1.75425 1444034169 5594663 5594664 284.73 524.94 -14.84 240.72 470.34 -195.74 5 1 156.3 194.018 
13259 1.46374 1444036849 6783665 6783666 -32.98 32.39 529.65 16.95 -32.2 417.76 5 1 378.05 138.507 
13259 1.58754 1444039275 7855218 7855221 -64.07 22.23 382.75 -21.71 94.08 400.17 5 1 909.625 85.2071 
13259 1.45935 1444066113 19767717 19767718 -6.19 -56.84 536.58 -25.42 -22.89 529.57 5 1 42.425 39.6426 
13259 1.37521 1444078323 25212317 25212319 -20.31 17 537.92 -2.64 -51.13 413.82 5 1 899.875 142.67 
13259 2.85737 1444078463 25274296 25274300 45.87 -28.77 458.79 146.63 -18.25 353.74 5 1 694.425 145.941 
13262 1.69809 1444092479 630546 630547 -34.51 -47.43 513.03 -37.44 -56.17 424.54 0 1 574.225 88.9688 
13262 1.50038 1444096139 2211575 2211576 28.7 36.29 460.23 -9.51 -14.29 450.25 0 1 91.675 64.1712 
13262 1.58813 1444100802 4346666 4346667 -22.48 -33.22 422.19 29.15 29.68 484.81 0 1 255.3 102.681 
13262 1.28124 1444104682 6130554 6130555 10.33 -54.11 466.04 49.99 7.59 463.75 0 1 220.025 73.3829 
13262 1.61626 1444108102 7876931 7876932 -29.54 -14.26 430.82 -4.02 18.17 355.37 0 1 427.875 85.9981 
13262 1.80146 1444116810 12324734 12324735 216.13 -118.46 522.94 133.4 -88.78 540.06 0 1 541.675 89.5447 
13262 1.52015 1444117492 12673585 12673586 28.46 31.68 438.12 16.99 22.56 481.17 0 1 295 45.4757 
13262 1.39943 1444119775 13847015 13847016 40.58 48.33 571.9 64.77 27.12 560.36 0 1 875.6 34.1788 
13262 1.40205 1444127985 18050334 18050335 -30.73 -13.35 518.67 6.4 6.08 463.36 0 1 799.125 69.3928 
13262 1.5079 1444128150 18136410 18136411 15.61 -24.62 412.51 15.73 29.47 432.63 0 1 948.225 57.711 
13262 1.37926 1444128710 18421408 18421409 -71.64 23.16 485.63 57.08 7.36 418.1 0 1 827.05 146.215 
13262 2.52528 1444133075 20666034 20666036 360.54 271.35 247.91 297.17 441.53 207.96 0 1 885.95 185.938 
13262 2.44132 1444133923 21096575 21096576 135.55 584.12 -8.12 102.87 574.3 -110.98 0 1 30.95 108.372 
13262 1.51472 1444144811 26682778 26682779 -234.27 -60.53 -289.39 -239.68 -57.37 -297.44 0 1 54.875 10.2008 
13262 1.55075 1444146107 27347238 27347239 65.7 -22.51 483.68 -10.39 -14.27 424.2 0 1 187.175 96.9301 
13262 1.24206 1444149385 29020452 29020453 -1.04 -27.02 463.79 47.41 0.36 434.14 0 1 785.85 63.057 
13262 1.44977 1444168365 38740243 38740244 -25.77 -5.25 583.39 11.44 22.8 455.41 0 1 25.45 136.199 
13262 3.1043 1444175700 42503043 42503047 -65.19 -25.49 403.53 65.2 -71.3 399.97 0 1 601.65 138.249 
13262 1.38653 1444175700 42503046 42503047 -44.27 4.11 485.28 65.2 -71.3 399.97 0 1 543.175 157.95 
13263 1.60109 1444183551 5691223 5691224 -8.81 43.4 452.89 -73.23 -2.65 444.55 5 1 863.7 79.6247 
13263 1.32025 1444184776 7211757 7211760 -26.11 -18.53 472.07 -17.46 32.98 387.68 5 1 716.05 99.246 
13263 1.50256 1444204643 19693916 19693918 -22.89 -9.97 587.75 21.23 -4.84 438.28 5 1 702.125 155.93 
13263 1.47687 1444207421 21522499 21522500 -10.79 25.08 506.34 13.5 -17 441.36 5 1 144.075 81.1365 
13263 2.09046 1444219148 29211541 29211542 18.32 12.28 475.81 -14.55 -33.25 411.69 5 1 246.5 85.2337 
13263 1.22217 1444228750 35534009 35534011 -30.6 29.13 491.87 22.19 -51.66 411.96 5 1 665.425 125.297 
13263 2.48189 1444229428 35978166 35978167 -162.48 555.67 88.34 -157.35 569.4 78.98 5 1 960.275 17.3908 
13263 1.31974 1444232065 37712343 37712345 13.9 -22.06 453.36 1.01 -27.71 427.99 5 1 526.175 29.0123 
13263 1.34073 1444239695 42725409 42725410 -2.54 -31.93 453.47 -8.01 17.57 438.55 5 1 955.625 51.9882 
13263 1.6219 1444243706 45367570 45367574 -40.15 18.44 515.02 17.76 27.72 455.66 5 1 655.275 83.4464 
13263 2.1547 1444252511 51177642 51177643 23.86 20.4 421.34 19.98 -16.94 478.34 5 1 770.075 68.252 
13263 1.34663 1444252605 51239429 51239432 6.46 6.45 443.85 -27.46 -5.96 438.11 5 1 769.6 36.5722 
13263 1.3951 1444255191 52938028 52938030 14.16 -27.9 581.81 6.12 36.03 494.28 5 1 655.15 108.688 
13264 1.24434 1444267296 2514186 2514187 3.45 6.79 481.6 44.55 -9.25 477.99 5 1 447.35 44.2665 
13264 1.42536 1444270253 3796933 3796934 -222.13 381.13 -404.49 -152.17 457.31 -343.52 5 1 127.225 120.063 
13264 1.12252 1444273312 5126408 5126409 13.54 -6.42 447.75 -35.28 -33.64 493.8 5 1 592.875 72.4218 
13264 1.44508 1444297174 15316527 15316528 33.89 5.28 590 -6.23 -33.84 427.36 5 1 973.675 172.023 
13264 1.51017 1444300258 16660568 16660569 -30.91 -14.69 449.37 -22.68 34.17 441.63 5 1 47.525 50.1492 
13264 3.05173 1444301961 17401056 17401057 -5.8 15.09 457.03 12.89 -7.27 483.22 5 1 329.45 39.1817 
13264 1.46673 1444305986 19145513 19145515 -47.84 -10.19 421.26 -30.91 -18.44 426.76 5 1 965.325 19.6198 
13264 1.73062 1444306399 19324382 19324383 81.02 -99.93 -538.61 261.12 -80.49 -515.01 5 1 997.6 182.677 
13264 1.30646 1444307293 19710729 19710730 9.19 -7.7 456.19 -5.35 0.23 476.93 5 1 900.375 26.5414 
13264 1.36215 1444315334 23190195 23190196 -22.95 -18.46 512.61 5.02 19.35 435.27 5 1 606.7 90.5174 
13264 1.58178 1444319001 24782909 24782910 -65.71 15.21 495.01 6.2 -5.24 467.08 5 1 39.05 79.8081 
13264 1.51965 1444334199 31354371 31354372 -42.15 -49.04 430.34 28.48 15.89 441.82 5 1 449.5 96.6245 
13264 1.57406 1444341725 34601424 34601426 3.75 32.18 590.2 8.95 28.7 458.76 5 1 933 131.589 
13264 1.31392 1444349641 38012654 38012655 -9.77 19.82 527.22 -36.98 -23.13 378.28 5 1 850.675 157.379 
13265 1.59466 1444363175 2418759 2418760 -16.1 -48.76 565.86 -32.06 34.03 449.47 5 1 12.375 143.72 
13265 1.47379 1444366309 3964602 3964603 8.55 -8.81 505.2 21.73 -12.28 433.56 5 1 410.15 72.9249 
13265 1.45865 1444370520 5751076 5751078 -11.09 -24.25 596.2 29.79 -45.86 407.26 5 1 47.025 194.516 
13265 1.41733 1444374380 7413513 7413514 155.58 540.15 -136.48 158.29 575.58 6.35 5 1 295.05 147.184 
13265 1.32137 1444382819 11069405 11069406 -4.33 14.46 515.97 22.12 -10.31 442.6 5 1 281.8 81.831 
13265 1.77764 1444386761 12777740 12777741 27.59 -10.83 489.68 -0.91 13.14 404.61 5 1 278.025 92.864 
13265 3.12924 1444406024 21097120 21097122 35.6 -18.45 425.61 -19.78 35.37 463.09 5 1 892.6 85.8387 
13265 1.5812 1444425829 29649401 29649402 -554.16 85.68 31.41 -572.35 87.72 -131.81 5 1 530.275 164.243 
13265 1.30717 1444432006 32325708 32325709 -1.64 27.12 550.94 21.72 6.99 450.12 5 1 265.2 105.43 
13265 1.42917 1444440640 37211292 37211293 6.35 32.68 533.67 -18.29 14.43 456.31 5 1 116.175 83.2151 
13266 1.47011 1444453822 4702661 4702662 53.71 22.11 527.55 16.23 32.94 460.6 5 1 506.85 77.4877 
13266 2.72657 1444454446 5011660 5011661 -23.65 -70.2 423.21 -23.23 14.04 429.56 5 1 471.025 84.48 
13266 1.46852 1444459083 7325621 7325622 29.95 -3.01 592.44 -0.73 -6.05 405.51 5 1 922.8 189.455 
13266 1.45696 1444467424 11472795 11472796 14.02 1.51 458.56 6.97 -47.28 438.55 5 1 872.9 53.2031 
13266 1.3955 1444467625 11573989 11573990 46.53 -43.56 480.17 3.48 10.23 579.3 5 1 323.225 120.72 
13266 1.45846 1444468161 11836319 11836320 13.12 12.82 422.89 22.17 11.87 415.84 5 1 557.775 11.5112 
13266 1.63625 1444470024 12765899 12765900 74.16 -402.71 419.8 192.57 -283.48 474.54 5 1 944.15 176.729 
13266 1.38451 1444480383 17912203 17912204 25.32 28.78 594.96 -12.42 -24.97 435.17 5 1 140.275 172.761 
13266 2.31281 1444481630 18530079 18530080 -349.93 301.56 -318.2 -283.76 327.98 -359.42 5 1 134.675 82.3139 
13266 1.67172 1444485983 20698798 20698801 -51.74 23.98 560.7 -37.44 -7.89 419.39 5 1 523.4 145.563 
13266 2.1203 1444492972 24431803 24431804 -36.46 -17.76 427.65 21.38 13.23 478.87 5 1 252.15 83.2426 
13266 1.37663 1444496448 26298224 26298225 16.59 13.98 564.2 -57.83 6.44 586.81 5 1 4.55 78.1434 
13266 1.47548 1444501150 28822580 28822583 4.51 23.21 413.39 25.67 -75.44 533.14 5 1 582.7 156.587 
13266 1.85119 1444503539 30104426 30104427 29.42 -18.46 451.36 6.8 8.31 448.46 5 1 484.825 35.1668 
13266 2.56049 1444518672 38212548 38212549 -515.37 249.69 71.14 -546.1 141.66 -93.63 5 1 302.725 199.409 
13266 1.41874 1444527584 43000677 43000678 43.34 -17.58 440.06 45.29 64.92 563.06 5 1 101.025 148.118 
13266 1.40185 1444528927 43727555 43727556 18.85 30.2 557.76 -21.45 -4.84 414.15 5 1 604.125 153.218 
13267 1.593 1444532604 1360988 1360989 -19.01 41.77 375.43 -9.99 -125.16 465.84 0 1 753.425 190.055 
13267 1.63586 1444542890 6219034 6219035 -16.1 -44.57 437.23 -14.24 -5.64 445.96 0 1 982.1 39.9402 
13267 1.53591 1444550913 10306256 10306260 -10.39 -15.16 405.73 9.34 -35.55 423.59 0 1 856.15 33.5262 
13267 1.4106 1444559994 15037665 15037667 10.74 24.78 485.38 114.19 -43.63 565.21 0 1 619.425 147.495 
13267 1.30267 1444561021 15575095 15575096 41.17 -21.93 445.1 100.23 116.83 555.56 0 1 229.175 186.933 
13267 1.41211 1444574923 23091759 23091761 28.02 -9.79 436.18 41.28 0.85 467.7 0 1 317.55 35.8127 
13267 2.87877 1444577685 24632282 24632283 -7.63 6.98 461.39 65.07 15.52 465.65 0 1 212.875 73.3237 
13267 2.42929 1444590150 31586074 31586078 -23.61 -6.91 433.81 47.43 78.74 446.59 0 1 472.075 112.009 
13267 1.24393 1444593892 33673140 33673141 54.2 -16.21 451.62 26.35 31.26 419.91 0 1 500.7 63.5181 
13267 1.48293 1444595286 34443534 34443536 22.14 -93.77 468.26 8.33 -29.16 425.56 0 1 673.7 78.6668 
13267 1.25168 1444596758 35268636 35268637 11.54 -17.29 476.68 9.32 -17.32 441.11 0 1 495.075 35.6392 
13267 1.40688 1444596978 35392753 35392755 25.82 1.91 564.81 27.87 66.96 469.96 0 1 589.325 115.031 
13267 1.51975 1444600361 37281249 37281250 -42.18 14.17 500.69 17.2 10.62 451.78 0 1 44.95 77.0115 
13267 1.40054 1444610159 42765449 42765450 -2.07 -23.22 445.8 7.25 11.17 456.73 0 1 390.725 37.2693 
13268 1.45167 1444623861 5321353 5321354 31.46 -37.78 566.99 34.26 41.77 574.45 0 1 712.25 79.9481 
13268 2.78636 1444625405 6142755 6142756 -4.92 9.41 451.22 -18.12 -3.96 477.77 0 1 166 32.5254 
13268 1.6183 1444637284 12510424 12510425 -221.06 128.05 -536.72 -324.67 186.11 -460.19 0 1 85.175 141.29 
13268 1.40839 1444642666 15678865 15678866 -3.31 -37.95 561.94 25.13 8.59 436.93 0 1 842.4 136.39 
13268 1.36945 1444651071 22296063 22296064 17.19 3.23 457.43 -6.68 -25.19 450.92 0 1 454.5 37.6809 
13268 1.46822 1444652148 23167360 23167362 26.74 -22.54 580.97 -21.51 0.15 440.54 0 1 987.625 150.211 
13268 1.29273 1444652715 23625654 23625655 -10.51 -3.52 456.38 28.19 -0.83 449.67 0 1 647.25 39.3694 
13268 1.42556 1444653224 24040567 24040568 -18.93 -20.61 536.22 38.82 17.15 448.06 0 1 203.825 111.951 
13268 1.34409 1444654586 25146456 25146460 -34.03 37.58 422.21 32.21 42.52 439.89 0 1 212.225 68.7366 
13268 1.49424 1444657044 27142360 27142362 -29.4 2.7 451.51 38.81 19.11 434.99 0 1 354.25 72.075 
13268 2.78425 1444658366 28211997 28211998 14.33 28.64 485.09 0.12 7.89 515.62 0 1 71.575 39.5546 
13268 1.84236 1444665688 34513100 34513101 -13.06 -35.98 479.4 -14.79 -3.71 436.69 0 1 736.075 53.5583 
13268 1.87359 1444666776 35474097 35474099 317.42 -456.82 -170.65 381.98 -372.84 -209.51 0 1 849.65 112.831 
13268 1.6376 1444666885 35571060 35571064 -3.1 32.13 571.4 29.51 10.17 443.31 0 1 785.6 133.988 
13268 1.53158 1444674653 42437248 42437249 62.56 26.43 468.28 4.51 28.89 459.06 0 1 156.85 58.8291 
13268 1.43227 1444680950 48010535 48010536 -367.46 -428.01 0.1 -294.13 -502.31 -69.85 0 1 23.975 125.661 
13268 1.3511 1444685570 52104168 52104169 -22.68 37.43 476.88 -1.86 -17.21 449.91 0 1 109.325 64.3924 
13268 1.38834 1444697694 62911563 62911565 46.38 -14.78 421.49 -0.19 -16.55 439.47 0 1 122.95 49.9518 
13268 1.34714 1444698374 63554036 63554037 -32.97 25.39 536.52 -14.78 -16.09 421.99 0 1 239.225 123.161 
13272 1.42656 1444710569 1332476 1332477 -11.9 3.71 495.01 10.34 -11.51 462.07 5 1 471.7 42.5595 
13272 1.21438 1444731117 11849555 11849556 29.19 46.27 487.51 -1.14 23.14 446.55 5 1 372.55 55.9699 
13272 1.40929 1444739656 16363135 16363137 -19.29 -1.73 504.43 24.37 -33.74 440.61 5 1 867.925 83.6889 
13272 2.40717 1444744585 18691701 18691702 -364.4 -383.92 -231.84 -380.77 -296.13 -276.88 5 1 475.725 100.018 
13272 1.24641 1444751922 22247777 22247778 66.27 -74.09 518.65 -53.99 9.14 479.87 5 1 21.975 151.306 
13272 1.32872 1444752837 22688446 22688447 -15.67 -49.89 482.47 13.98 -22.49 454.8 5 1 802.15 48.944 
13272 2.48461 1444752846 22692447 22692449 -388.35 272.69 -80.38 -491.56 168.75 -46.74 5 1 541.225 150.291 
13272 1.73857 1444755049 23753642 23753643 -500 122.47 -302.97 -446.53 30.51 -390.9 5 1 89.2 138.012 
13272 2.09208 1444767544 29817521 29817523 148.89 211.13 -511.86 43.08 84.95 -588.14 5 1 892.15 181.482 
13272 1.57426 1444771835 31900776 31900777 -12.49 33.26 487.55 -25.16 -34.77 461.14 5 1 740.3 74.0682 
13272 1.98827 1444775688 33754889 33754890 -227.08 480.47 -275.94 -320.96 468.79 -130.83 5 1 857.925 173.225 
13272 2.69871 1444778467 35104025 35104026 -2.36 3.09 459.56 22.51 -21.41 453.54 5 1 804.15 35.4261 
13272 1.52024 1444781964 36793857 36793858 77.79 236.54 -544.55 230.51 259.87 -476.88 5 1 177.175 168.662 
13272 1.48571 1444784506 38129783 38129784 0.94 -13.09 478.74 17.66 10.32 454.42 5 1 45.05 37.6702 
13272 1.52793 1444786693 39320513 39320514 -14.01 10.94 514.38 31.81 12.66 423.97 5 1 440.725 101.373 
13272 1.23741 1444787312 39642886 39642887 -43.11 -19.26 465.91 -22.32 -4.45 456.12 5 1 452.7 27.3387 
13272 1.44568 1444787441 39709406 39709407 28.23 -14.5 419.26 38.34 27.09 518.54 5 1 113.075 108.113 
13274 1.43328 1444791534 1161911 1161912 14.2 -16.57 434.68 -0.62 32.23 425.08 0 1 754.975 51.8964 
13274 1.22777 1444794065 2454933 2454934 -10.29 -45.37 490.85 20 -42.66 530.32 0 1 992.55 49.8268 
13275 1.25302 1444813980 5842996 5842997 -34.18 -35.68 454.26 -93.13 -161.77 563.88 0 1 0.7 177.173 
13275 1.19356 1444823788 10393594 10393595 -15.13 -11.05 532.45 6.47 -15.37 441.78 0 1 516 93.3074 
13275 1.34785 1444841463 18725500 18725501 62.04 -4.2 456.49 -27.31 24.46 446.49 0 1 495.9 94.3653 
13275 1.43127 1444843777 19879704 19879705 56.34 14.43 512.95 33.25 -5.13 457.27 0 1 534.725 63.372 
13275 1.39712 1444850220 23089550 23089551 7.1 -33.76 433.84 0.22 -12.28 460.02 0 1 362.425 34.556 
13275 1.44438 1444851532 23741889 23741890 -30.15 25.7 526.14 -73.46 127.16 547.43 0 1 499.325 112.353 
13275 2.0982 1444852963 24454034 24454035 32.01 -269.58 -525.65 -70.45 -385.12 -404.43 0 1 348.45 196.321 
13275 1.42315 1444859240 27598708 27598709 -52.02 -30.05 579.44 -24.88 -11.03 455.57 0 1 2.075 128.227 
13275 1.47707 1444861442 28709176 28709177 -2.39 -16.27 589.52 -0.69 39.11 457.24 0 1 811 143.415 
13275 1.366 1444866722 31377496 31377497 -8.93 19.3 459.43 24.78 22.28 454.24 0 1 315.9 34.2371 
13275 1.4723 1444869047 32554429 32554430 -46.06 -26.05 553.99 -3.16 24.34 435.1 0 1 261.55 136.068 
13276 2.66975 1444870935 390532 390533 525.37 263.05 -28.46 571.7 167.14 55.61 0 1 887.05 135.694 
13276 3.54545 1444874313 1681361 1681364 -41.17 -9.74 472.26 -11.76 -32.43 435.01 0 1 763.9 52.6056 
13276 3.14605 1444878394 3248295 3248296 -2.96 -1.08 461.59 -35.84 3.96 429.07 0 1 697.175 46.5193 
13276 1.9212 1444879787 3807970 3807971 16.61 -3.09 458.73 -30.08 -32.39 449.29 0 1 925.45 55.9246 
13276 1.77278 1444882356 4853646 4853647 -488.24 -305.81 -113.97 -415.7 -398.64 -148.84 0 1 685.9 122.863 
13276 1.32637 1444886098 6371820 6371821 26.97 16.92 540.36 -11.71 6.25 441.65 0 1 913.35 106.554 
13276 1.41904 1444899223 11885012 11885013 5.31 -17.82 551.62 6.56 10.17 450.87 0 1 591.225 104.573 
13276 1.32872 1444900534 12443321 12443322 10.85 -34.12 492.78 -7.73 87.49 394.83 0 1 787.7 157.253 
13276 1.52646 1444913696 18042083 18042084 -2.59 -17.21 443.83 20.54 15.69 477.05 0 1 514.5 52.163 
13276 1.51867 1444916857 19384953 19384954 -264.31 181.51 -477.56 -269.64 333.71 -412.45 0 1 795.575 165.628 
13276 1.44868 1444925460 23043339 23043340 23.51 -9.43 475.78 64.79 98.05 555.21 0 1 75.55 139.875 
13276 1.41643 1444925626 23113830 23113831 -15.06 -18.84 490.58 60.57 -181.67 526.92 0 1 773.9 183.178 
13276 3.20478 1444930514 25187348 25187349 -38.11 -23.64 428.96 46.64 91 550.77 0 1 745.35 187.517 
13276 1.65956 1444935364 27254300 27254301 -196.17 -206.64 -521.38 -16.89 -159.3 -562.58 0 1 553 189.947 
13276 1.51086 1444936607 27782344 27782346 -54.72 -14.61 476.09 14.5 -22.48 437.57 0 1 783.675 79.6061 
13277 1.56878 1444953400 1172754 1172755 -6.27 -69.19 544.34 -37.54 -0.78 467.31 5 1 663.7 107.663 
13277 1.49404 1444957257 2709706 2709707 -2.04 -32.69 494.55 -6.58 -14.33 437.61 5 1 41.05 59.9989 
13277 1.79661 1444966739 6570351 6570352 35.83 47.04 422 -19.87 2.87 437.05 5 1 69.3 72.6635 
13277 1.38693 1444968721 7384779 7384780 19.16 -11.25 508.93 -12.14 6.61 456.14 5 1 164.025 63.9175 
13277 1.48799 1444985589 14301073 14301075 31.07 59.86 473.39 107.09 -28.08 503.89 5 1 613.325 120.178 
13277 1.55006 1444991053 16535781 16535782 0.07 34.23 486.49 -25.68 -7.32 431.98 5 1 74.875 73.2175 
13277 1.4872 1444993966 17736372 17736373 4.66 -41.09 594.65 21.6 11.33 475.77 5 1 129.05 131.024 
13277 1.26725 1444994730 18051674 18051675 10.75 0.07 559.11 2.18 -34.58 432.18 5 1 621.7 131.853 
13277 1.58608 1445000697 21527328 21527329 -372.72 353.67 -96.03 -469.32 363.42 -6.01 5 1 769.15 132.402 
13277 1.56643 1445003934 22642046 22642047 -25.11 23.82 551.89 63.5 0.41 424.44 5 1 246.475 156.982 
13277 2.2957 1445011486 25527803 25527805 26.21 -16.43 444.35 -14.88 17.74 475.23 5 1 537.625 61.7216 
13277 2.80905 1445013238 26191984 26191985 -12.26 32.87 595.32 -47.75 -71.06 525.86 5 1 867.9 129.945 
13277 1.2797 1445016998 27626118 27626119 -92.61 -24.57 475.59 16.6 11.47 423.56 5 1 849.7 126.225 
13277 1.52872 1445019129 28444332 28444334 16.11 -62.25 488.34 -47.99 -19.62 475.07 5 1 490.175 78.1167 
13277 1.39419 1445028852 32258601 32258602 -33.34 43.82 582.94 27.42 -6.63 486.07 5 1 932.6 124.983 
13277 2.15912 1445029899 32672436 32672437 -301.14 -74.91 -510.64 -261.13 -13.65 -450.99 5 1 862.025 94.4019 
13277 1.34277 1445033324 34011909 34011910 -16.74 -30.67 481.19 5.98 20.05 448.52 5 1 799.5 64.4674 
13278 1.28812 1445043480 1588807 1588808 10.28 21.1 471.5 -79.62 -84.39 485.82 5 1 276.725 139.338 
13278 1.67249 1445056367 7030078 7030079 17.16 -4.21 470.3 -74.85 148.04 559.3 5 1 616.9 198.914 
13278 1.44658 1445059457 8471648 8471649 -36.88 -35.98 455.85 -32.6 -28.13 437.97 5 1 783.525 19.9909 
13278 1.22943 1445076092 16240294 16240295 8.02 -28.97 467.84 31.14 -49.93 579.51 5 1 343.85 115.948 
13278 1.34327 1445092489 23926287 23926288 45.95 7.27 508.49 -10.17 21.1 439.34 5 1 76.65 90.1246 
13278 3.02294 1445092527 23944878 23944882 28.13 5.38 441.18 -75.31 -35.31 399.58 5 1 263.6 118.685 
13278 1.51166 1445093630 24464046 24464047 33.71 21.11 490.69 36.09 -2.7 458.92 5 1 514.275 39.7733 
13278 1.44658 1445096212 25677571 25677573 -6.99 -17.24 447.71 -15.11 12.04 444.27 5 1 610.775 30.5792 
13278 1.55712 1445100008 27463994 27463995 5.39 14.04 430.42 -21.6 -21.95 435.05 5 1 999.025 45.2236 
13278 1.471 1445104688 29813796 29813798 -20.39 -36.21 580.83 26.83 -44.41 437.56 5 1 685.45 151.074 
13278 1.48809 1445104748 29844251 29844252 -8.39 -20.53 566.57 147.2 26.74 519.63 5 1 579.2 169.251 
13278 1.52803 1445114575 34764142 34764143 -4.17 -49.12 460.15 -56.01 4.81 515.39 5 1 394.275 92.9908 
13279 3.00715 1445133713 3623833 3623837 -30.01 -30.33 359.54 31.72 -5.97 434.92 0 1 546.525 100.43 
13279 2.76539 1445140753 6532889 6532891 277.5 -8.38 -520.67 232.04 -126.88 -530.47 0 1 774.425 127.298 
13279 1.38007 1445145325 8414738 8414739 25.15 -21.86 520.81 4.94 -15.03 480.32 0 1 747.975 45.7661 
13279 1.41141 1445146308 8819043 8819044 38.01 -8.35 545.9 -3.89 -49.12 450.14 0 1 915.2 112.195 
13279 1.53935 1445168181 17843146 17843147 -314.27 467.76 205.75 -245.57 478.42 55.78 0 1 361.15 165.301 
13279 1.57729 1445171254 19113787 19113788 -527.54 58.44 -232.75 -460.6 42.8 -203.31 0 1 993.025 74.7816 
13279 1.7218 1445196439 30191104 30191105 22.38 18.42 444.05 -48.7 21.64 432.39 0 1 68.025 72.1019 
13279 1.35394 1445202281 32903141 32903142 -0.95 27.91 445.19 12.46 -2.96 426.5 0 1 955.125 38.4981 
13280 1.46095 1445223238 4979187 4979188 1.65 23.08 539.04 -46.01 64.75 440.71 0 1 186.325 116.947 
13280 2.84134 1445224062 5316829 5316831 -5.54 -50.16 427.36 -23.23 -19.05 439.37 0 1 537.275 37.7493 
13280 1.58725 1445226695 6385831 6385832 -3.11 52.77 439.64 -40.12 8.02 462.74 0 1 271.8 62.4973 
13280 1.3739 1445236966 10544612 10544613 -2.33 -31.2 447.74 -23.23 5.3 429.21 0 1 187.1 45.9611 
13280 1.24889 1445237347 10700478 10700479 19.65 15.45 427.59 -8.02 29.25 434.18 0 1 421.175 31.6148 
13280 1.62073 1445243675 13264719 13264720 18.99 70.82 438.29 -14.63 16.4 474.9 0 1 712.8 73.703 
13280 1.37188 1445254016 17478168 17478169 42.2 -10.47 452.51 -23.93 -14.7 466.52 0 1 700.15 67.73 
13280 3.14768 1445255058 17922012 17922013 36.96 -24.87 393.98 -76.44 -38.55 450.94 0 1 383.9 127.637 
13280 1.41653 1445255970 18321102 18321103 -5.91 -45.2 453.12 31.21 13.05 454.61 0 1 261.075 69.0882 
13280 2.73457 1445261344 20612481 20612482 433.04 160.86 341.65 474.05 -3.55 367.39 0 1 17.575 171.391 
13280 2.85075 1445276843 27228019 27228020 -259.99 437.88 -283.76 -404.66 356.75 -230.77 0 1 935.875 174.125 
13280 1.47757 1445282069 29465996 29465998 -43.63 19.65 518.43 14.62 2.16 461.34 0 1 435.75 83.416 
13280 1.42355 1445288863 32370009 32370011 33.2 -23.85 409.24 19.11 -43.54 446.67 0 1 530.85 44.5784 
13280 1.45287 1445293926 34538361 34538363 -13.14 -68.18 496.17 -4.02 56.32 454 0 1 50.575 131.764 
13283 1.60343 1445311045 4432951 4432952 39.56 -67.81 545.02 -65.1 -30.8 443.85 0 1 988.425 150.196 
13283 1.25075 1445311973 4786234 4786236 -20.24 -8.68 451.95 -83.62 -56.76 428.63 0 1 961.025 82.9007 
13283 1.52823 1445322481 8874801 8874802 44.15 21.62 472.12 133.79 117.11 566.64 0 1 14.1 161.517 
13283 1.44268 1445326518 10484133 10484134 8.42 -7.04 476.92 -68.07 -2.26 420.79 0 1 925.975 94.9955 
13283 1.59905 1445333622 13332439 13332440 212.33 -415.89 -357.74 127.58 -423.52 -387.75 0 1 412.925 90.2296 
13283 1.58549 1445342075 16720256 16720257 23.38 17.32 483.38 -5.67 42.49 436.36 0 1 156.325 60.7315 
13283 1.32882 1445365682 26366954 26366956 -35.18 -18.04 530.84 -2.53 2.24 438.78 0 1 980.875 99.7615 
13283 1.4985 1445369910 28200153 28200154 97.49 -38.26 504.62 21.38 36.73 422.12 0 1 288.525 134.991 
13283 1.37794 1445373396 29725550 29725551 23.53 -19.87 532.68 -9.35 10.81 455.23 0 1 475.05 89.5592 
13283 1.34957 1445374902 30382667 30382668 -24.55 -15.22 537.6 -20.63 -9.87 454.64 0 1 501.3 83.2247 
13283 1.35495 1445378042 31800551 31800553 14.01 17.54 460.45 -28.68 65.14 424.5 0 1 720.975 73.3526 
13283 1.30042 1445382279 33777779 33777780 9.28 6.93 471.08 -7.39 -5.53 447.16 0 1 636.625 31.7066 
13283 1.54309 1445382834 34032632 34032633 -59.36 16.5 555.65 11.32 24.18 444.24 0 1 40.075 132.162 
13284 1.46633 1445388514 796639 796640 -26.72 10.21 419.64 -7.85 147.78 531.75 0 1 28.175 178.466 
13284 1.37016 1445414380 11987365 11987366 8.92 -26.3 435.68 5.91 16.45 468.53 0 1 69.15 53.9976 
13284 1.76208 1445416115 12843185 12843186 -27.87 57.51 593.32 8.1 -0.47 451.85 0 1 487.825 157.065 
13284 1.57885 1445418262 13897606 13897607 0.1 24.83 437.06 32.74 -8.86 464.76 0 1 8.025 54.4764 
13284 2.78809 1445426265 17843913 17843914 95.15 -26.64 -572.12 36.46 -60.89 -593.41 0 1 639 71.2098 
13284 2.85228 1445426752 18084412 18084415 18.94 -17.06 437.9 -12.74 -29.19 451.03 0 1 576.375 36.3752 
13284 1.33503 1445428258 18826899 18826900 11.28 51.19 547.75 -14.17 -31.58 453.93 0 1 324 127.674 
13284 2.73746 1445441197 25236839 25236841 -291.6 375.04 333.59 -183.66 436.07 353.32 0 1 952.85 125.559 
13284 1.63964 1445443037 26144133 26144134 15.53 -4.38 422.77 17.67 -45.38 449.92 0 1 103.9 49.221 
13284 2.8326 1445445069 27144440 27144442 28.9 -19.72 457.16 15.05 -14.82 481.25 0 1 312.025 28.2163 
13284 1.38623 1445451591 30372247 30372248 16.35 -56.85 422.7 13.92 -7.19 444.7 0 1 476.3 54.3693 
13284 1.27887 1445456367 32723910 32723911 11.46 16.55 530.55 44.41 -9.49 431.98 0 1 762 107.144 
13284 1.79165 1445458731 33894702 33894703 33.99 -32.04 433.62 -28.71 28.03 406.35 0 1 230.325 91.0129 
13285 2.05982 1445488088 7812052 7812053 -43.68 -0.49 437.75 -20.34 -31.39 460.33 0 1 133.85 44.8266 
13285 1.35242 1445491319 9288992 9288993 -27.15 -33.02 484.39 24.74 -9.55 439.42 0 1 287.375 72.5652 
13285 1.42716 1445494521 10750373 10750375 31.17 18.24 576.22 29.34 -49.05 406.59 0 1 882.6 182.498 
13285 1.42807 1445496876 11824663 11824664 -33.91 -24.51 452.18 -22.04 -63.12 455.98 0 1 98.275 40.5718 
13285 1.60469 1445508717 17202046 17202048 42.1 -12.31 451.66 -33.96 -3.25 442.1 0 1 749.9 77.192 
13285 1.46025 1445509406 17514611 17514612 573.01 -91.98 -64.85 534.57 21.84 -21.57 0 1 772.65 127.694 
13285 2.37973 1445517701 21288648 21288649 6.51 38.09 466.67 -30.53 5.91 588.35 0 1 177.55 131.2 
13285 1.32862 1445518267 21544978 21544979 1.45 14.43 452.86 -17.78 -81 570.07 0 1 32.1 152.364 
13285 1.37683 1445522114 23294149 23294151 3.72 -1.89 413.02 -47.95 39.16 425.69 0 1 921.325 67.1969 
13285 1.14675 1445526010 25075155 25075156 -37.4 -11.54 434.38 43.74 4.2 536.84 0 1 667.5 131.642 
13285 1.81098 1445529404 26622743 26622744 9.79 -31.62 451.22 -26.89 5.18 430.46 0 1 121.85 55.9521 
13285 1.21895 1445552236 37018930 37018931 23.48 -2.91 511.14 -20.92 -41.13 438.25 0 1 221.8 93.5151 
13286 2.95191 1445565072 3353345 3353348 28.25 14.84 475.72 2.78 16.35 435.64 5 1 622.2 47.5122 
13286 1.41904 1445567718 4450868 4450869 5.07 -23.58 485.53 -12.93 23.9 445.77 5 1 881.825 64.4919 
13286 1.67104 1445579910 9528559 9528560 -157.97 -4.1 422.51 -8.63 -29.18 427.18 5 1 803.625 151.503 
13286 1.47389 1445588370 13061957 13061958 -32.59 -33.38 427.4 1.55 -18.11 439.85 5 1 677.025 39.4172 
13286 1.6046 1445593359 15320591 15320592 87.89 19.25 498.39 -27.09 -27.74 442.13 5 1 357.175 136.359 
13286 1.58364 1445602656 19215634 19215635 5.79 -32.21 454.8 -13.79 -55 442.56 5 1 13.3 32.4435 
13286 1.49612 1445605603 20434213 20434214 30.26 18.47 566.39 14.75 -43.75 448.81 5 1 772.65 133.929 
13286 1.57973 1445613015 23517312 23517314 4.28 -21.07 411.47 0.75 -24.05 482.48 5 1 849.725 71.1601 
13286 2.35492 1445613594 23757445 23757447 -254.27 508.46 86.78 -245.06 497.35 -9.94 5 1 173.45 97.7907 
13286 1.98523 1445613626 23770891 23770892 -563.05 167.54 -62.67 -494.78 305.57 -87.18 5 1 370.625 155.929 
13286 1.60995 1445617896 25551124 25551125 19.37 -17.46 575.79 -37.28 -2.72 439.6 5 1 629 148.237 
13286 1.35404 1445620606 26683425 26683426 -8.91 34.08 428.11 -25.47 -8.09 434.79 5 1 415.8 45.7948 
13286 1.44728 1445620786 26758379 26758381 -79.62 -69.86 484.61 12.61 -45.31 415.61 5 1 420.275 117.771 
13286 1.31974 1445620951 26827744 26827746 -26.86 -5.49 533.2 23.09 -39.51 422.63 5 1 269.1 126.008 
13286 2.27985 1445624122 28155166 28155167 -591.9 -40.93 1.73 -580.64 42.99 -116.53 5 1 595.225 145.447 
13286 1.51561 1445628244 29877665 29877666 16.07 -19.03 588.77 0.83 -11.84 456.88 5 1 279.95 132.962 
13286 1.3741 1445631215 31174489 31174491 -13.15 -31.76 440.37 -25.59 -33.1 491.35 5 1 87.7 52.493 
13286 1.40165 1445634560 32669397 32669398 -26.1 362.6 -413.87 21.15 398.72 -378.65 5 1 451.4 69.1207 
13286 1.42466 1445635521 33098726 33098728 10.07 8.84 453.28 -8.04 -20.44 437.64 5 1 769.9 37.814 
13286 1.44588 1445638126 34259839 34259840 -3.38 29.15 488.61 -24.34 35.51 443.3 5 1 799.025 50.3266 
13286 1.86581 1445640109 35150236 35150237 36.46 -42.16 -581.9 19.17 -65.54 -487.7 5 1 826.75 98.5861 
13286 1.47329 1445640912 35513362 35513364 30.68 9.43 436.91 -20.86 -29.32 465.73 5 1 390.525 70.6295 
13286 1.44428 1445643795 36987931 36987932 -18.33 -41.65 411.05 -7.28 -14.56 456.53 5 1 112.85 54.0777 
13287 1.71154 1445655299 3780371 3780372 -23.15 18.04 492.68 58.71 -25.21 460.04 5 1 533.3 98.1682 
13287 1.57788 1445669267 11377536 11377537 21.29 -19.39 456.68 -85.72 -27.99 455.82 5 1 985.6 107.358 
13287 1.44378 1445670588 12095999 12096000 -10.78 2.02 571.23 -7.15 13.07 468.37 5 1 456.175 103.515 
13291 1.47359 1445747124 3310153 3310154 -7.09 -8.42 508.94 -18.07 -30.53 453.11 0 1 325.35 61.0443 
13291 1.50988 1445752213 5444457 5444458 -103.5 85.36 530.9 9.04 -55.01 445.59 0 1 141.8 199.115 
13291 1.49256 1445757048 7448266 7448267 -50.39 7.73 467.22 -12.04 21.78 468.04 0 1 534.375 40.8509 
13291 2.30276 1445764893 10712754 10712755 -110.81 154.33 -517.07 -13.55 243.58 -535.91 0 1 185.375 133.342 
13291 2.20485 1445772640 13946268 13946269 332.7 -137.32 -431.56 211.78 -77.71 -509.77 0 1 29.825 155.858 
13291 1.45097 1445785421 19291231 19291232 59.12 5.05 467.1 -9.83 -41.11 444.21 0 1 308.375 86.0744 
13291 1.27836 1445787294 20076576 20076579 18 3.69 524.55 10.9 4.58 461.42 0 1 649.475 63.5342 
13291 1.47518 1445788667 20648274 20648276 16.19 13.58 439.77 -34.38 -4.87 464.79 0 1 206.825 59.361 
13291 1.64467 1445791637 21884909 21884910 32.66 -12.95 598.36 -1.33 18.39 408.53 0 1 786.875 195.379 
13291 1.44708 1445792697 22331781 22331782 -28.55 -5.65 438.67 -25.95 12.57 456.73 0 1 502.25 25.7855 
13291 1.20679 1445801285 25928214 25928215 7.22 43.49 558.93 9.18 -29.65 475.17 0 1 595.225 111.216 
13291 2.52887 1445801977 26217207 26217210 11 -6.31 416.21 13.86 30.83 458.89 0 1 226.35 56.6493 
13291 1.62665 1445803624 26909985 26909987 365.6 -357.65 -284.36 397.86 -206.75 -357.57 0 1 695.475 170.796 
13291 1.49919 1445807365 28476827 28476828 -31.48 -34.2 551.99 -40.17 -3.83 464.96 0 1 513.7 92.5855 
13291 1.50909 1445808997 29156867 29156868 -7.45 -36.07 461.02 -4.5 -21.18 434.46 0 1 280.7 30.5916 
13291 1.43518 1445815359 31923033 31923034 -46.01 -17.88 432.15 -25.44 -22.84 449.29 0 1 12.825 27.2306 
13295 1.20752 1445838011 5698267 5698268 7.35 -16.8 432.27 26.88 56.84 459.04 5 1 254.425 80.7521 
13295 1.59515 1445841627 7068990 7068991 -40.29 54.95 428.04 8.14 -21.14 422.36 5 1 100 90.3737 
13295 1.39752 1445844533 8190297 8190298 -127.88 537.1 190.5 -174.14 566.2 71.65 5 1 310.375 130.813 
13295 1.32413 1445844646 8234132 8234133 59.6 26.42 452.32 -7.98 -10.76 462.71 5 1 275.375 77.829 
13295 1.46384 1445850738 10650123 10650125 -11.33 -1.96 531.36 1.79 24.69 420.36 5 1 882.05 114.906 
13295 1.67673 1445856848 13092931 13092932 1.88 -46.05 431.65 6.01 -19.93 455.49 5 1 330.55 35.6042 
13295 1.43348 1445873241 19699056 19699057 7.7 52.11 544.75 -43.21 29.7 453.16 5 1 624.425 107.158 
13295 1.41743 1445876505 21144096 21144097 -24.42 22.62 528.06 -5.24 -14.43 451.55 5 1 348.65 87.1456 
13295 1.44388 1445885265 24996975 24996976 10.26 -31.5 459.79 2.44 -15.79 372.48 5 1 205.025 89.0561 
13341 1.35333 1446024693 4872585 4872587 -408.53 187.14 -240.72 -486.2 49.17 -125.88 5 1 217.95 195.593 
13341 1.47389 1446026738 5645333 5645335 68.07 21.68 438.67 7.29 -46.83 435.72 5 1 567.5 91.6326 
13341 1.42596 1446029513 6688995 6688996 -20.13 -29.75 417.55 27.43 -12.84 469.18 5 1 197.95 72.205 
13341 1.48522 1446041603 11283430 11283432 27.78 -9.07 541.91 35 185.53 531.16 5 1 685.175 195.03 
13341 1.33951 1446043477 12085910 12085911 34.95 50 455.4 19 -34.97 455.74 5 1 920.575 86.4547 
13341 1.35516 1446047181 13490247 13490248 15.96 -12.62 563.92 -20.87 44.4 389.89 5 1 413.8 186.8 
13341 1.6641 1446047979 13791455 13791456 -28.97 -17.55 462.93 -0.19 -57.89 470.62 5 1 236.95 50.1472 
13341 1.31096 1446052985 15680233 15680234 -137.24 525.1 192.45 -9.87 463.88 251.42 5 1 453.225 153.129 
13341 2.70044 1446064549 20049555 20049556 57.14 -553.93 112.19 137.51 -568.63 64.95 5 1 161.1 94.3771 
13341 1.60761 1446069135 21786484 21786485 -3.08 -25.36 438.68 25.01 -15.07 416.69 5 1 637.9 37.128 
13341 1.45746 1446072248 22974157 22974158 31.94 31.04 475.82 -36.06 15.44 401.78 5 1 141.925 101.731 
13346 1.41201 1446077298 460071 460072 23.47 -42.92 520.39 33.68 -13.55 458.27 5 1 628.325 69.4675 
13346 1.3653 1446086286 3867157 3867158 34.39 30.21 593.14 -1.08 -4.39 441.23 5 1 153.9 159.787 
13346 1.46543 1446094732 7055228 7055230 76.83 84.75 460.4 -22.91 17.8 466.15 5 1 880.95 120.264 
13346 2.33158 1446113690 14247506 14247507 -471.65 -157.85 -211.08 -392.93 -231.55 -369.65 5 1 75.65 191.763 
13346 1.29765 1446121095 17058054 17058056 16.07 14.9 463.05 40.07 -19.39 432.02 5 1 988.275 52.1024 
13346 1.65192 1446128515 19898964 19898966 2.86 14.51 428.89 60.01 -7.46 538.48 5 1 550.425 125.534 
13346 1.55879 1446133228 21766009 21766011 13.32 -37.4 513.06 73.91 -188.84 537.98 5 1 687.025 165.004 
13346 1.66294 1446134332 22203045 22203047 -3.6 0.02 459.53 27.01 -60.13 484.7 5 1 642.925 72.0314 
13346 1.46832 1446134332 22203046 22203047 3.57 -42.34 527.57 27.01 -60.13 484.7 5 1 350.575 51.9976 
13346 1.50256 1446140173 24519949 24519950 -25.04 7.48 471.03 32.04 -24.31 454.59 5 1 433.75 67.3721 
13346 1.61898 1446150768 28770788 28770790 -242.85 432.08 -319.81 -183.11 411.08 -396.35 5 1 247.4 99.339 
13346 1.49959 1446158001 31775437 31775438 416.1 -318.42 -268.95 444.57 -319.92 -143.44 5 1 250.575 128.707 
13346 1.38128 1446158318 31907978 31907979 21.06 -11.06 565.77 -16.97 -14.89 473.86 5 1 202.95 99.541 
13346 1.91551 1446158591 32021544 32021545 463.28 328.49 25.51 439.04 349.95 -1.27 5 1 466.575 42.0152 
13348 2.41027 1446161679 755885 755886 501.04 92.95 -295.53 387.05 121.62 -440.62 0 1 890.075 186.727 
13348 1.28124 1446175755 6540328 6540329 -39.47 -29.1 514.48 -9.46 -45.5 428.61 0 1 273.175 92.4295 
13349 1.68395 1446189255 103557 103558 11.06 -22.68 310.77 -6.44 -13.44 124.63 5 1 33.45 187.189 
13349 2.48015 1446189287 115897 115900 18.48 -10.02 -3.33 -20.41 14.31 -82.16 5 1 559.425 91.2061 
13349 1.97346 1446189406 163374 163376 -14.07 -13.27 -110.14 46.64 36.76 -113.05 5 1 157.625 78.7221 
13349 1.79261 1446189489 195783 195784 -9.33 -36.71 18.56 5.5 -13.23 92.21 5 1 24.2 78.7119 
13349 2.51266 1446189627 250146 250148 17.71 -36.18 -99.97 -23.12 -56.33 -94.07 5 1 573.825 45.9121 
13349 1.8491 1446190832 723916 723918 -58.01 -18.58 510.48 -13.14 -9.95 452.04 5 1 537.4 74.1824 
13349 1.54152 1446191619 1026376 1026377 87.89 58.22 468 -4.21 8.98 314.19 5 1 872.075 185.915 
13349 2.60332 1446205832 6698257 6698258 -199.15 137.7 544.31 -305.69 148.26 480.21 5 1 570.05 124.784 
13349 1.5163 1446213322 9554217 9554218 -286.45 94.84 -503.55 -381.25 -18.71 -443.22 5 1 691.95 159.751 
13350 1.18939 1446217123 751002 751003 11.54 -5.32 447.45 -30.82 0.04 409.42 0 1 154.05 57.1785 
13350 1.47588 1446218475 1259862 1259863 12.83 33.37 455.69 -26.38 -36.87 445.65 0 1 233.7 81.0671 
13350 1.14307 1446230807 6026908 6026910 -40.62 -6.1 411.39 1.81 20.24 450.58 0 1 896.525 63.4819 
13350 1.2657 1446236267 8357662 8357663 -24.16 -27.53 441.71 -20.35 6.86 444.97 0 1 586.45 34.7536 
13351 1.61383 1446256449 3262696 3262697 -14.57 22.36 403.07 -68.32 76.29 374.3 5 1 32.225 81.3955 
13351 1.48174 1446258160 3957368 3957369 -56.27 -80.54 505.78 -15.49 -7.58 465.86 5 1 645.875 92.6271 
13351 2.22786 1446259163 4358613 4358614 -509.76 272.95 5.68 -468.5 293.15 180.71 5 1 629.55 180.958 
13351 1.26034 1446259183 4366766 4366767 -18.15 21.99 464.91 5.44 42.48 466.6 5 1 658.75 31.2919 
13351 1.28175 1446259814 4619353 4619354 25.29 -0.75 442.17 35.32 25.2 423.37 5 1 6.4 33.5774 
13351 1.63063 1446260389 4854402 4854403 -47.16 1.56 405.03 -14.21 -21.02 431.25 5 1 680.375 47.7812 
13351 2.01183 1446268426 8336130 8336131 146.84 -446.95 -309.73 207.41 -440.33 -336.95 5 1 333.75 66.7344 
13351 1.37238 1446278612 13341657 13341658 -10.74 38.5 459.22 -5.21 -30.49 453.52 5 1 140.975 69.4456 
13351 1.26158 1446290837 19833342 19833343 41.37 -22.14 441.45 2.26 -44.98 407.38 5 1 312.3 56.6747 
13351 1.34653 1446301790 25655377 25655378 16.87 4.69 519.54 32.61 6.92 443.47 5 1 516.875 77.7133 
13351 1.46503 1446306551 28194697 28194698 18.78 -7.67 564.35 31.4 30.18 427.73 5 1 736.975 142.327 
13351 3.50882 1446309307 29660440 29660441 3.2 -7.21 424.22 21.64 25.2 476.09 5 1 0.8 63.8822 
13351 1.40205 1446322819 36875753 36875754 -13.27 9.48 462.83 30.32 -13.62 445.31 5 1 424.575 52.3512 
13351 1.33697 1446331166 41367430 41367432 21.8 -20.17 454.94 208.66 41.45 490.05 5 1 801.675 199.866 
