1377954106.0 1377954447.39 32.5 0.4791 12088 0 3 130831
1372652113.0 1372652432.39 4.38 1.155 11993 0 3 130701
1371007192.0 1371007514.5 4.0 2.006 11961 5 3 130612
1370328716.0 1370329068.07 37.7 1.06 11947 0 3 130604
1368515471.0 1368515996.15 204.0 3.6 11912 0 3 130514
1368271697.0 1368272018.22 5.43 1.3033 11907 0 3 130511
1367741998.0 1367742405.15 88.0 2.27 11899 0 3 130505
1367068691.0 1367069038.12 27.0 2.78 11882 0 3 130427
1367048727.0 1367049196.67 162.8 0.3399 11882 0 3 130427
1366442759.0 1366443198.29 123.5 1.297 11863 0 3 130420
1366311503.0 1366312118.36 300.0 1.218 11861 0 3 130418
1365457748.0 1365458097.31 28.0 3.758 11845 0 3 130408
1360891740.0 1360892116.06 65.7 0.597 11767 0 3 130215
1351322999.0 1351323379.36 62.6 1.773 11616 0 3 121027
1351047222.0 1351047610.22 69.0 2.298 11613 0 3 121024
1348352878.0 1348353371.59 173.0 3.1 11567 0 3 120922
1347154773.0 1347155206.45 112.0 3.93 11546 0 3 120909
1346977313.0 1346977643.65 16.9 0.97 11544 0 3 120907
1344996688.0 1344997017.05 9.7 2.358 11508 0 3 120815
1344699142.0 1344699488.74 26.8 2.671 11502 0 3 120811
1343894301.0 1343894672.34 50.0 3.796 11491 0 3 120802
1343559224.0 1343559607.87 71.5 0.8 11484 0 3 120729
1343111792.0 1343112181.45 72.8 1.48 11479 0 3 120724
1342961456.0 1342961812.07 42.4 0.9586 11471 0 3 120722
1342300576.0 1342301042.78 159.0 0.3984 11457 0 3 120714
1342100397.0 1342100733.34 14.7 4.1745 11455 0 3 120712
1335078573.0 1335078884.23 5.35 0.283 11326 5 3 120422
1333543712.0 1333544070.98 38.7 2.876 11302 6 3 120404
1332816766.0 1332817149.07 62.9 2.81 11292 0 3 120327
1332724679.0 1332725066.46 69.6 1.798 11289 0 3 120326
1326945720.0 1326946291.43 253.8 1.728 11172 0 3 120119
1325198122.0 1325198463.59 25.4 1.3805 11136 0 3 111229
1325086933.0 1325087345.72 101.2 0.714 11135 0 3 111228
1324784887.0 1324785300.02 106.8 0.297 11132 0 3 111225
1322071851.0 1322072461.65 290.0 3.1516 11074 0 3 111123
1320626874.0 1320627220.89 26.6 2.893 11042 0 3 111107
1312784184.0 1312784548.04 48.0 1.348 10668 0 2 110808
1312228032.0 1312228735.06 385.0 1.858 10658 0 2 110801
1312110420.0 1312110776.0 35.8 2.83 10657 0 2 110731
1310735480.0 1310735805.55 13.0 0.82 10635 0 2 110715
1304443995.0 1304444322.18 10.0 1.613 10401 5 2 110503
1303486765.0 1303487108.66 25.9 1.77 10384 0 2 110422
1297574099.0 1297574463.56 48.0 1.46 10095 0 2 110213
1296871211.0 1296871787.04 257.0 2.22 10064 0 2 110205
1296178923.0 1296179273.01 30.7 2.339 10046 0 2 110128
1293302115.0 1293303515.8 1088.0 0.847 9984 5 2 101225
1292775923.0 1292776266.77 34.0 0.5519 9969 9 2 101219
1283780817.0 1283781249.03 114.4 1.727 9728 5 2 100906
1283347900.0 1283348655.33 439.0 1.408 9720 0 2 100901
1281918921.0 1281919236.27 2.9 0.8049 9669 0 2 100816
1281757661.0 1281758151.97 174.5 1.44 9667 9 2 100814
1280312965.0 1280313295.87 12.1 2.106 9636 5 2 100728
1280283354.0 1280283869.53 198.5 1.567 9636 5 2 100728
1277089262.0 1277089635.25 63.6 0.542 9565 0 2 100621
1276566993.0 1276567348.28 39.0 1.398 9552 0 2 100615
1272163695.0 1272164049.7 37.0 1.755 9448 0 2 100425
1272126612.0 1272127035.55 104.0 2.465 9447 0 2 100424
1271624858.0 1271625175.58 7.0 0.6235 9433 5 2 100418
1268743340.0 1268744941.46 1300.0 0.059 9371 0 2 100316
1268726346.0 1268726664.93 3.8 1.18 9371 0 2 100316
1267559436.0 1267559775.95 17.9 4.813 9341 6 2 100302
1260265647.0 1260265976.27 14.9 1.063 9169 5 2 091208
1259364195.0 1259364511.12 7.1 0.49 9153 0 2 091127
1257742513.0 1257742881.56 48.0 3.076 9095 5 2 091109
1256788252.0 1256788611.28 39.2 2.752 9077 0 2 091029
1256374411.0 1256374839.21 109.8 1.982 9072 5 2 091024
1256074454.0 1256074806.16 34.6 1.71 9063 0 2 091020
1255898749.0 1255899067.15 4.4 0.971 9061 0 2 091018
1254045886.0 1254046204.34 2.2 1.37 9003 0 2 090927
1254001998.0 1254002423.17 109.7 1.24 9001 0 2 090926
1250056778.0 1250057164.23 66.7 2.452 8861 0 2 090812
1249838924.0 1249839249.46 5.4 2.737 8853 0 2 090809
1248647997.0 1248648384.01 67.0 2.71 8827 0 2 090726
1247691644.0 1247692230.45 266.0 3.0 8726 5 2 090715
1245313559.0 1245313981.85 113.2 0.54 8640 0 2 090618
1243653348.0 1243653711.63 48.0 1.266 8606 0 2 090530
1243606205.0 1243606624.85 100.0 2.625 8605 5 2 090529
1242767186.0 1242767571.39 64.0 3.85 8586 0 2 090519
1242462320.0 1242462851.6 210.0 4.109 8578 0 2 090516
1240582179.0 1240582536.65 48.0 0.544 8532 0 2 090424
1240473169.0 1240473502.42 10.3 8.23 8526 0 2 090423
1240052710.0 1240053083.18 56.0 1.608 8520 0 2 090418
1239099955.0 1239100581.52 310.0 1.4485 8502 0 2 090407
1236935037.0 1236935436.91 79.0 3.3721 8439 5 2 090313
1231871889.0 1231872215.8 9.1 1.7493 8263 0 2 090113
1230864795.0 1230865138.95 27.0 1.55 8248 0 2 090102
1229921489.0 1229921833.11 24.0 2.77 8229 0 2 081222
1229876321.0 1229876674.13 34.0 2.26 8228 0 2 081221
1227299582.0 1227299915.65 14.0 2.512 8166 0 2 081121
1227020046.0 1227020432.78 67.0 2.58 8160 0 2 081118
1226213976.0 1226214329.82 40.0 0.9787 8140 9 2 081109
1225244486.0 1225245077.39 270.0 3.847 8116 9 2 081029
1223495739.0 1223496242.89 185.5 1.9685 8077 9 2 081008
1223356882.0 1223357201.53 10.0 0.5295 8076 9 2 081007
1222613942.0 1222614539.48 280.0 1.692 8067 9 2 080928
1220707846.0 1220708311.47 147.0 2.0 8005 0 2 080906
1220633595.0 1220634042.37 128.0 2.374 8004 9 2 080905
1218373662.0 1218374088.89 106.0 3.35 7940 0 2 080810
1216635766.0 1216636102.02 16.2 2.602 7898 0 2 080721
1215673840.0 1215674272.72 120.0 0.845 7875 0 2 080710
1215419123.0 1215419465.51 27.1 1.23 7872 5 2 080707
1212818697.0 1212819096.51 79.0 3.036 7820 9 2 080607
1212709527.0 1212709864.3 20.0 1.6398 7814 9 2 080605
1212564271.0 1212564669.38 82.0 1.416 7811 0 2 080604
1212521743.0 1212522122.98 60.0 2.69 7810 0 2 080603
1211321874.0 1211322193.7 2.8 1.545 7780 0 2 080520
1210896877.0 1210897203.51 5.8 3.2 7772 0 2 080516
1209585032.0 1209585360.3 16.2 0.767 7705 0 2 080430
1208076522.0 1208076844.64 8.0 1.1 7676 0 2 080413
1208055109.0 1208055474.49 46.0 2.433 7675 5 2 080413
1207948382.0 1207948752.17 56.0 1.03 7673 5 2 080411
1206848326.0 1206848703.78 61.0 1.51 7624 0 2 080330
1205929406.0 1205929758.33 34.0 1.95 7601 0 2 080319
1205907019.0 1205907382.52 50.0 0.937 7601 0 2 080319
1205138128.0 1205138812.49 365.0 2.4266 7586 0 2 080310
1202629655.0 1202630019.89 45.0 2.641 7465 0 2 080210
1202419671.0 1202420329.71 340.0 2.0858 7459 0 2 080207
1195694455.0 1195694838.59 68.7 1.14 7170 0 2 071122
1195310856.0 1195311178.54 6.6 1.331 7165 0 2 071117
1194892227.0 1194892554.55 15.0 0.823 7154 0 2 071112
1193792646.0 1193793145.98 180.0 2.692 7134 0 2 071031
1193539276.0 1193539644.52 55.0 0.94 7131 0 2 071028
1192959543.0 1192960117.53 255.0 2.452 7122 0 2 071021
1192048997.0 1192049346.3 35.7 0.947 7089 0 2 071010
1191987522.0 1191987841.82 6.0 0.98 7089 0 2 071010
1191397105.0 1191397569.64 150.0 1.1 7078 0 2 071003
1179730121.0 1179730468.67 37.9 0.553 6817 0 1 070521
1178597748.0 1178598081.45 20.9 0.82 6797 0 1 070508
1178429608.0 1178429931.54 4.3 2.31 6795 0 1 070506
1176976616.0 1176977045.35 115.6 0.97 6762 0 1 070419
1176322203.0 1176322644.88 121.5 2.954 6742 0 1 070411
1174202786.0 1174203173.32 74.6 0.836 6708 5 1 070318
1173199138.0 1173199664.24 209.5 1.497 6671 0 1 070306
1170925684.0 1170926046.77 47.7 1.165 6593 0 1 070208
1170113560.0 1170114339.91 460.6 2.3384 6571 0 1 070129
1167857049.0 1167857387.45 18.6 2.6208 6472 0 1 070103
1166760512.0 1166760872.89 40.0 3.355 6446 0 1 061222
1166757982.0 1166758372.11 71.4 2.088 6446 0 1 061222
1165753089.0 1165753482.23 85.3 0.41 6426 0 1 061210
1164122399.0 1164122796.14 81.3 1.314 6383 0 1 061121
1163195776.0 1163196230.99 134.0 3.44 6327 5 1 061110
1163159091.0 1163159443.7 40.7 0.758 6327 5 1 061110
1161444998.0 1161445351.23 46.2 0.3463 6280 5 1 061021
1159365905.0 1159366249.92 22.5 5.6 6115 0 1 060927
1159289172.0 1159289500.73 8.0 3.208 6106 0 1 060926
1158069204.0 1158069522.52 5.0 0.937 5991 0 1 060912
1157705692.0 1157706029.42 19.3 1.8836 5986 0 1 060908
1157336914.0 1157337396.92 171.5 0.703 5971 0 1 060904
1155596389.0 1155596847.02 145.3 0.84 5929 0 1 060814
1154200199.0 1154200623.95 115.3 0.54 5906 0 1 060729
1152889770.0 1152890205.01 115.0 2.71 5791 5 1 060714
1152307669.0 1152308056.18 66.2 3.43 5754 0 1 060707
1150288879.0 1150289290.51 108.7 0.125 5700 0 1 060614
1149531195.0 1149531595.42 79.1 3.78 5656 0 1 060605
1149444990.0 1149445403.84 95.0 2.1357 5655 0 1 060604
1149283782.0 1149284169.28 75.0 0.787 5645 0 1 060602
1148660760.0 1148661378.93 298.2 3.21 5628 0 1 060526
1147475451.0 1147475767.85 8.5 0.4428 5572 0 1 060512
1147249185.0 1147249782.3 275.2 4.9 5567 0 1 060510
1146810811.0 1146811117.15 4.0 0.089 5556 0 1 060505
1146538862.0 1146539207.18 28.4 1.51 5549 0 1 060502
1140674514.0 1140674847.11 11.3 4.41 5373 0 1 060223
1140233521.0 1140235921.75 2100.0 0.0331 5363 0 1 060218
1139547380.0 1139547956.44 255.0 3.91 5341 0 1 060210
1139201063.0 1139201392.15 7.6 4.048 5333 0 1 060206
1138054810.0 1138056024.64 900.0 1.099 5277 0 1 060123
1136731002.0 1136731334.85 14.3 2.03 5245 0 1 060108
1132233624.0 1132233941.89 9.0 0.481 5081 5 1 051117
1131688631.0 1131688994.05 46.1 1.549 5065 0 1 051111
1131525429.0 1131525745.22 14.3 0.08 5061 0 1 051109
1131498591.0 1131498947.53 37.2 2.346 5061 0 1 051109
1129487139.0 1129487456.52 4.0 0.9364 5012 5 1 051016
1128164946.0 1128165454.59 189.1 2.4296 4963 5 1 051001
1127418800.0 1127419123.49 4.5 2.198 4903 5 1 050922
1126783212.0 1126783583.69 52.0 2.5273 4894 0 1 050915
1126158001.0 1126158341.28 19.4 3.3437 4872 5 1 050908
1125036940.0 1125037281.72 35.5 0.297 4841 5 1 050826
1124519543.0 1124519888.84 26.0 2.6147 4827 0 1 050820
1124468485.0 1124468842.33 37.7 2.5043 4825 0 1 050819
1124019387.0 1124019860.2 150.9 5.3 4815 0 1 050814
1122977132.0 1122977467.42 19.0 1.434 4786 0 1 050802
1122753353.0 1122753830.99 156.5 3.96855 4773 0 1 050730
1122208299.0 1122208700.53 96.0 0.258 4756 0 1 050724
1115335191.0 1115335571.61 58.9 4.27 4563 0 1 050505
1113649334.0 1113649647.41 2.5 0.6535 4522 5 1 050416
1112365065.0 1112365418.61 33.3 2.9 4498 5 1 050401
1111224528.0 1111225001.26 152.5 3.24 4470 0 1 050319
1111160527.0 1111160875.47 32.0 1.44 4469 5 1 050318
1110920233.0 1110920646.93 95.6 1.949 4463 0 1 050315
1109127996.0 1109128328.74 22.5 0.5915 4393 0 1 050223
1106740704.0 1106741044.54 24.8 1.29 4327 0 1 050126
1342458154.0 1342458707.59 234.0 2.48 11461 0 3 120716
1323641703.0 1323642026.89 15.0 0.478 11103 0 3 111211
1297607343.0 1297607707.51 50.0 1.083 10095 0 2 110213
1271211471.0 1271211813.54 26.4 1.37 9424 5 2 100414
1254544395.0 1254544729.31 21.1 0.8969 9012 0 2 091003
1253938676.0 1253939014.77 20.0 2.1062 9001 0 2 090926
1251889365.0 1251889701.93 19.0 1.822 8935 0 2 090902
1238232859.0 1238233250.82 80.0 0.736 8465 0 2 090328
1237766412.0 1237766883.13 150.0 3.57 8452 0 2 090323
1210758806.0 1210759133.86 10.0 1.8 7769 0 2 080514
1169709492.0 1169709878.95 70.0 1.547 6563 0 1 070125
1129986328.0 1129986840.37 200.0 0.8 5031 5 1 051022
1114999907.0 1115000248.33 20.0 3.793 4555 0 1 050502
1112977220.0 1112977569.47 34.0 1.236 4511 0 1 050408
1103420424.0 1103421250.38 520.0 0.31 4229 5 1 041219
1070488746.0 1070489078.37 30.0 0.105 3074 0 1 031203
1048937684.0 1048938012.84 25.0 0.1685 2408 1 1 030329
1048850308.0 1048850724.82 100.0 1.52 2406 1 1 030328
1048456467.0 1048456813.91 26.0 3.372 2374 0 1 030323
1046231041.0 1046231459.41 100.0 1.98 2181 0 1 030226
1039605364.0 1039605683.73 5.7 1.006 1764 0 1 021211
1033733023.0 1033733442.28 100.0 2.33 1457 5 1 021004
