1377932656.0 1377976076.66 32.5 0.4791 12088 0 3 130831
1372630663.0 1372674184.93 4.38 1.155 11993 0 3 130701
1370985742.0 1371029337.44 4.0 2.006 11961 5 3 130612
1370307266.0 1370350807.87 37.7 1.06 11947 0 3 130604
1368494021.0 1368537872.64 204.0 3.6 11912 0 3 130514
1368250247.0 1368293786.53 5.43 1.3033 11907 0 3 130511
1367720548.0 1367764241.25 88.0 2.27 11899 0 3 130505
1367047241.0 1367090893.83 27.0 2.78 11882 0 3 130427
1367027277.0 1367070785.14 162.8 0.3399 11882 0 3 130427
1366421309.0 1366464966.6 123.5 1.297 11863 0 3 130420
1366290053.0 1366333877.93 300.0 1.218 11861 0 3 130418
1365436298.0 1365479976.84 28.0 3.758 11845 0 3 130408
1360870290.0 1360913774.89 65.7 0.597 11767 0 3 130215
1351301549.0 1351345187.49 62.6 1.773 11616 0 3 121027
1351025772.0 1351069447.67 69.0 2.298 11613 0 3 121024
1348331428.0 1348375236.62 173.0 3.1 11567 0 3 120922
1347133323.0 1347177088.96 112.0 3.93 11546 0 3 120909
1346955863.0 1346999370.75 16.9 0.97 11544 0 3 120907
1344975238.0 1345018857.13 9.7 2.358 11508 0 3 120815
1344677692.0 1344721340.77 26.8 2.671 11502 0 3 120811
1343872851.0 1343916552.6 50.0 3.796 11491 0 3 120802
1343537774.0 1343581307.24 71.5 0.8 11484 0 3 120729
1343090342.0 1343133967.08 72.8 1.48 11479 0 3 120724
1342940006.0 1342983537.69 42.4 0.9586 11471 0 3 120722
1342279126.0 1342322649.66 159.0 0.3984 11457 0 3 120714
1342078947.0 1342122619.63 14.7 4.1745 11455 0 3 120712
1335057123.0 1335100452.76 5.35 0.283 11326 5 3 120422
1333522262.0 1333565929.8 38.7 2.876 11302 6 3 120404
1332795316.0 1332839005.73 62.9 2.81 11292 0 3 120327
1332703229.0 1332746876.61 69.6 1.798 11289 0 3 120326
1326924270.0 1326968096.78 253.8 1.728 11172 0 3 120119
1325176672.0 1325220239.97 25.4 1.3805 11136 0 3 111229
1325065483.0 1325109028.05 101.2 0.714 11135 0 3 111228
1324763437.0 1324806875.38 106.8 0.297 11132 0 3 111225
1322050401.0 1322094327.98 290.0 3.1516 11074 0 3 111123
1320605424.0 1320649080.01 26.6 2.893 11042 0 3 111107
1312762734.0 1312806321.47 48.0 1.348 10668 0 2 110808
1312206582.0 1312250549.09 385.0 1.858 10658 0 2 110801
1312088970.0 1312132633.29 35.8 2.83 10657 0 2 110731
1310714030.0 1310757508.46 13.0 0.82 10635 0 2 110715
1304422545.0 1304466118.62 10.0 1.613 10401 5 2 110503
1303465315.0 1303508916.79 25.9 1.77 10384 0 2 110422
1297552649.0 1297596247.41 48.0 1.46 10095 0 2 110213
1296849761.0 1296893620.8 257.0 2.22 10064 0 2 110205
1296157473.0 1296201112.23 30.7 2.339 10046 0 2 110128
1293280665.0 1293325223.89 1088.0 0.847 9984 5 2 101225
1292754473.0 1292797913.83 34.0 0.5519 9969 9 2 101219
1283759367.0 1283803054.38 114.4 1.727 9728 5 2 100906
1283326450.0 1283370434.58 439.0 1.408 9720 0 2 100901
1281897471.0 1281940935.64 2.9 0.8049 9669 0 2 100816
1281736211.0 1281779934.01 174.5 1.44 9667 9 2 100814
1280291515.0 1280335124.18 12.1 2.106 9636 5 2 100728
1280261904.0 1280305662.78 198.5 1.567 9636 5 2 100728
1277067812.0 1277111279.86 63.6 0.542 9565 0 2 100621
1276545543.0 1276589126.59 39.0 1.398 9552 0 2 100615
1272142245.0 1272185856.45 37.0 1.755 9448 0 2 100425
1272105162.0 1272148879.78 104.0 2.465 9447 0 2 100424
1271603408.0 1271646838.92 7.0 0.6235 9433 5 2 100418
1268721890.0 1268766420.99 1300.0 0.059 9371 0 2 100316
1268704896.0 1268748419.86 3.8 1.18 9371 0 2 100316
1267537986.0 1267581670.48 17.9 4.813 9341 6 2 100302
1260244197.0 1260287716.07 14.9 1.063 9169 5 2 091208
1259342745.0 1259386143.03 7.1 0.49 9153 0 2 091127
1257721063.0 1257764746.06 48.0 3.076 9095 5 2 091109
1256766802.0 1256810466.0 39.2 2.752 9077 0 2 091029
1256352961.0 1256396660.46 109.8 1.982 9072 5 2 091024
1256053004.0 1256096610.09 34.6 1.71 9063 0 2 091020
1255877299.0 1255920794.25 4.4 0.971 9061 0 2 091018
1254024436.0 1254067979.75 2.2 1.37 9003 0 2 090927
1253980548.0 1254024184.99 109.7 1.24 9001 0 2 090926
1250035328.0 1250079008.06 66.7 2.452 8861 0 2 090812
1249817474.0 1249861103.86 5.4 2.737 8853 0 2 090809
1248626547.0 1248670237.41 67.0 2.71 8827 0 2 090726
1247670194.0 1247714092.76 266.0 3.0 8726 5 2 090715
1245292109.0 1245335626.46 113.2 0.54 8640 0 2 090618
1243631898.0 1243675476.75 48.0 1.266 8606 0 2 090530
1243584755.0 1243628475.13 100.0 2.625 8605 5 2 090529
1242745736.0 1242789452.52 64.0 3.85 8586 0 2 090519
1242440870.0 1242484736.98 210.0 4.109 8578 0 2 090516
1240560729.0 1240604181.26 48.0 0.544 8532 0 2 090424
1240451719.0 1240495418.59 10.3 8.23 8526 0 2 090423
1240031260.0 1240074879.62 56.0 1.608 8520 0 2 090418
1239078505.0 1239122364.46 310.0 1.4485 8502 0 2 090407
1236913587.0 1236957308.53 79.0 3.3721 8439 5 2 090313
1231850439.0 1231894022.55 9.1 1.7493 8263 0 2 090113
1230843345.0 1230886930.56 27.0 1.55 8248 0 2 090102
1229900039.0 1229943688.49 24.0 2.77 8229 0 2 081222
1229854871.0 1229898509.77 34.0 2.26 8228 0 2 081221
1227278132.0 1227321761.84 14.0 2.512 8166 0 2 081121
1226998596.0 1227042281.6 67.0 2.58 8160 0 2 081118
1226192526.0 1226236058.4 40.0 0.9787 8140 9 2 081109
1225223036.0 1225266958.52 270.0 3.847 8116 9 2 081029
1223474289.0 1223518063.55 185.5 1.9685 8077 9 2 081008
1223335432.0 1223378843.66 10.0 0.5295 8076 9 2 081007
1222592492.0 1222636341.97 280.0 1.692 8067 9 2 080928
1220686396.0 1220730133.85 147.0 2.0 8005 0 2 080906
1220612145.0 1220655882.88 128.0 2.374 8004 9 2 080905
1218352212.0 1218395960.05 106.0 3.35 7940 0 2 080810
1216614316.0 1216657951.57 16.2 2.602 7898 0 2 080721
1215652390.0 1215695979.1 120.0 0.845 7875 0 2 080710
1215397673.0 1215441226.22 27.1 1.23 7872 5 2 080707
1212797247.0 1212840959.93 79.0 3.036 7820 9 2 080607
1212688077.0 1212731663.06 20.0 1.6398 7814 9 2 080605
1212542821.0 1212586449.56 82.0 1.416 7811 0 2 080604
1212500293.0 1212543975.69 60.0 2.69 7810 0 2 080603
1211300424.0 1211343984.48 2.8 1.545 7780 0 2 080520
1210875427.0 1210919071.1 5.8 3.2 7772 0 2 080516
1209563582.0 1209607054.19 16.2 0.767 7705 0 2 080430
1208055072.0 1208098589.69 8.0 1.1 7676 0 2 080413
1208033659.0 1208077317.51 46.0 2.433 7675 5 2 080413
1207926932.0 1207970487.88 56.0 1.03 7673 5 2 080411
1206826876.0 1206870492.02 61.0 1.51 7624 0 2 080330
1205907956.0 1205951577.83 34.0 1.95 7601 0 2 080319
1205885569.0 1205929105.11 50.0 0.937 7601 0 2 080319
1205116678.0 1205160655.51 365.0 2.4266 7586 0 2 080310
1202608205.0 1202651870.87 45.0 2.641 7465 0 2 080210
1202398221.0 1202442156.99 340.0 2.0858 7459 0 2 080207
1195673005.0 1195716588.68 68.7 1.14 7170 0 2 071122
1195289406.0 1195332949.95 6.6 1.331 7165 0 2 071117
1194870777.0 1194914257.46 15.0 0.823 7154 0 2 071112
1193771196.0 1193814998.69 180.0 2.692 7134 0 2 071031
1193517826.0 1193561367.11 55.0 0.94 7131 0 2 071028
1192938093.0 1192981961.36 255.0 2.452 7122 0 2 071021
1192027547.0 1192071070.41 35.7 0.947 7089 0 2 071010
1191966072.0 1192009570.4 6.0 0.98 7089 0 2 071010
1191375655.0 1191419314.69 150.0 1.1 7078 0 2 071003
1179708671.0 1179752115.73 37.9 0.553 6817 0 1 070521
1178576298.0 1178619784.36 20.9 0.82 6797 0 1 070508
1178408158.0 1178451769.44 4.3 2.31 6795 0 1 070506
1176955166.0 1176998772.45 115.6 0.97 6762 0 1 070419
1176300753.0 1176344505.77 121.5 2.954 6742 0 1 070411
1174181336.0 1174224879.7 74.6 0.836 6708 5 1 070318
1173177688.0 1173221451.62 209.5 1.497 6671 0 1 070306
1170904234.0 1170947800.51 47.7 1.165 6593 0 1 070208
1170092110.0 1170136179.13 460.6 2.3384 6571 0 1 070129
1167835599.0 1167879237.73 18.6 2.6208 6472 0 1 070103
1166739062.0 1166782744.05 40.0 3.355 6446 0 1 061222
1166736532.0 1166780199.39 71.4 2.088 6446 0 1 061222
1165731639.0 1165775092.03 85.3 0.41 6426 0 1 061210
1164100949.0 1164144565.49 81.3 1.314 6383 0 1 061121
1163174326.0 1163218104.15 134.0 3.44 6327 5 1 061110
1163137641.0 1163181135.72 40.7 0.758 6327 5 1 061110
1161423548.0 1161466942.87 46.2 0.3463 6280 5 1 061021
1159344455.0 1159388151.97 22.5 5.6 6115 0 1 060927
1159267722.0 1159311368.56 8.0 3.208 6106 0 1 060926
1158047754.0 1158091245.11 5.0 0.937 5991 0 1 060912
1157684242.0 1157727844.7 19.3 1.8836 5986 0 1 060908
1157315464.0 1157359077.24 171.5 0.703 5971 0 1 060904
1155574939.0 1155618553.4 145.3 0.84 5929 0 1 060814
1154178749.0 1154222268.56 115.3 0.54 5906 0 1 060729
1152868320.0 1152912058.41 115.0 2.71 5791 5 1 060714
1152286219.0 1152329929.12 66.2 3.43 5754 0 1 060707
1150267429.0 1150310797.1 108.7 0.125 5700 0 1 060614
1149509745.0 1149553475.32 79.1 3.78 5656 0 1 060605
1149423540.0 1149467233.69 95.0 2.1357 5655 0 1 060604
1149262332.0 1149305866.84 75.0 0.787 5645 0 1 060602
1148639310.0 1148683246.76 298.2 3.21 5628 0 1 060526
1147454001.0 1147497386.21 8.5 0.4428 5572 0 1 060512
1147227735.0 1147271677.82 275.2 4.9 5567 0 1 060510
1146789361.0 1146832610.5 4.0 0.089 5556 0 1 060505
1146517412.0 1146560995.42 28.4 1.51 5549 0 1 060502
1140653064.0 1140696736.77 11.3 4.41 5373 0 1 060223
1140212071.0 1140257386.83 2100.0 0.0331 5363 0 1 060218
1139525930.0 1139569838.6 255.0 3.91 5341 0 1 060210
1139179613.0 1139223276.6 7.6 4.048 5333 0 1 060206
1138033360.0 1138077769.69 900.0 1.099 5277 0 1 060123
1136709552.0 1136753158.9 14.3 2.03 5245 0 1 060108
1132212174.0 1132255571.16 9.0 0.481 5081 5 1 051117
1131667181.0 1131710785.66 46.1 1.549 5065 0 1 051111
1131503979.0 1131547234.03 14.3 0.08 5061 0 1 051109
1131477141.0 1131520787.18 37.2 2.346 5061 0 1 051109
1129465689.0 1129509179.11 4.0 0.9364 5012 5 1 051016
1128143496.0 1128187297.61 189.1 2.4296 4963 5 1 051001
1127397350.0 1127440956.3 4.5 2.198 4903 5 1 050922
1126761762.0 1126805430.64 52.0 2.5273 4894 0 1 050915
1126136551.0 1126180212.21 19.4 3.3437 4872 5 1 050908
1125015490.0 1125058857.08 35.5 0.297 4841 5 1 050826
1124498093.0 1124541738.75 26.0 2.6147 4827 0 1 050820
1124447035.0 1124490688.13 37.7 2.5043 4825 0 1 050819
1123997937.0 1124041759.66 150.9 5.3 4815 0 1 050814
1122955682.0 1122999248.54 19.0 1.434 4786 0 1 050802
1122731903.0 1122775714.15 156.5 3.96855 4773 0 1 050730
1122186849.0 1122230262.05 96.0 0.258 4756 0 1 050724
1115313741.0 1115357459.36 58.9 4.27 4563 0 1 050505
1113627884.0 1113671317.31 2.5 0.6535 4522 5 1 050416
1112343615.0 1112387278.03 33.3 2.9 4498 5 1 050401
1111203078.0 1111246869.84 152.5 3.24 4470 0 1 050319
1111139077.0 1111182657.51 32.0 1.44 4469 5 1 050318
1110898783.0 1110942466.43 95.6 1.949 4463 0 1 050315
1109106546.0 1109149985.28 22.5 0.5915 4393 0 1 050223
1106719254.0 1106762811.79 24.8 1.29 4327 0 1 050126
1342436704.0 1342480552.61 234.0 2.48 11461 0 3 120716
1323620253.0 1323663656.16 15.0 0.478 11103 0 3 111211
1297585893.0 1297629449.96 50.0 1.083 10095 0 2 110213
1271190021.0 1271233588.95 26.4 1.37 9424 5 2 100414
1254522945.0 1254566445.64 21.1 0.8969 9012 0 2 091003
1253917226.0 1253960843.08 20.0 2.1062 9001 0 2 090926
1251867915.0 1251911513.39 19.0 1.822 8935 0 2 090902
1238211409.0 1238254939.03 80.0 0.736 8465 0 2 090328
1237744962.0 1237788759.01 150.0 3.57 8452 0 2 090323
1210737356.0 1210780944.01 10.0 1.8 7769 0 2 080514
1169688042.0 1169731670.56 70.0 1.547 6563 0 1 070125
1129964878.0 1130008539.74 200.0 0.8 5031 5 1 051022
1114978457.0 1115022128.41 20.0 3.793 4555 0 1 050502
1112955770.0 1112999331.29 34.0 1.236 4511 0 1 050408
1103398974.0 1103442829.09 520.0 0.31 4229 5 1 041219
1070467296.0 1070510576.2 30.0 0.105 3074 0 1 031203
1048916234.0 1048959540.29 25.0 0.1685 2408 1 1 030329
1048828858.0 1048872513.92 100.0 1.52 2406 1 1 030328
1048435017.0 1048478685.53 26.0 3.372 2374 0 1 030323
1046209591.0 1046253280.66 100.0 1.98 2181 0 1 030226
1039583914.0 1039627416.63 5.7 1.006 1764 0 1 021211
1033711573.0 1033755281.07 100.0 2.33 1457 5 1 021004
