0.4791
1.155
2.006
1.06
3.6
1.3033
2.27
2.78
0.3399
1.297
1.218
3.758
0.597
1.773
2.298
3.1
3.93
0.97
2.358
2.671
3.796
0.8
1.48
0.9586
0.3984
4.1745
0.283
2.876
2.81
1.798
1.728
1.3805
0.714
0.297
3.1516
2.893
1.348
1.858
2.83
0.82
1.613
1.77
1.46
2.22
2.339
0.847
0.5519
1.727
1.408
0.8049
1.44
2.106
1.567
0.542
1.398
1.755
2.465
0.6235
0.059
1.18
4.813
1.063
0.49
3.076
2.752
1.982
1.71
0.971
1.37
1.24
2.452
2.737
2.71
3.0
0.54
1.266
2.625
3.85
4.109
0.544
8.23
1.608
1.4485
3.3721
1.7493
1.55
2.77
2.26
2.512
2.58
0.9787
3.847
1.9685
0.5295
1.692
2.0
2.374
3.35
2.602
0.845
1.23
3.036
1.6398
1.416
2.69
1.545
3.2
0.767
1.1
2.433
1.03
1.51
1.95
0.937
2.4266
2.641
2.0858
1.14
1.331
0.823
2.692
0.94
2.452
0.947
0.98
1.1
0.553
0.82
2.31
0.97
2.954
0.836
1.497
1.165
2.3384
2.6208
3.355
2.088
0.41
1.314
3.44
0.758
0.3463
5.6
3.208
0.937
1.8836
0.703
0.84
0.54
2.71
3.43
0.125
3.78
2.1357
0.787
3.21
0.4428
4.9
0.089
1.51
4.41
0.0331
3.91
4.048
1.099
2.03
0.481
1.549
0.08
2.346
0.9364
2.4296
2.198
2.5273
3.3437
0.297
2.6147
2.5043
5.3
1.434
3.96855
0.258
4.27
0.6535
2.9
3.24
1.44
1.949
0.5915
1.29
2.48
0.478
1.083
1.37
0.8969
2.1062
1.822
0.736
3.57
1.8
1.547
0.8
3.793
1.236
0.31
0.105
0.1685
1.52
3.372
1.98
1.006
2.33
