0.82 0.484108
0.83 0.484108
0.84 0.484108
0.85 0.484108
0.86 0.484108
0.87 0.484108
0.88 0.484108
0.89 0.484108
0.9 0.484108
0.91 0.484108
0.92 0.484108
0.93 0.484108
0.94 0.484108
0.95 0.484108
0.96 0.4923567
0.97 0.5006054
0.98 0.5088541
0.99 0.5171028
1.0 0.5253515
1.01 0.5336002
1.02 0.5418489
1.03 0.5500976
1.04 0.5583463
1.05 0.566595
1.06 0.5719283
1.07 0.5772616
1.08 0.5825949
1.09 0.5879282
1.1 0.5932615
1.11 0.5985948
1.12 0.6039281
1.13 0.6092614
1.14 0.6145947
1.15 0.619928
1.16 0.622166
1.17 0.624404
1.18 0.626642
1.19 0.62888
1.2 0.631118
1.21 0.633356
1.22 0.635594
1.23 0.637832
1.24 0.64007
1.25 0.642308
1.26 0.6418045
1.27 0.641301
1.28 0.6407975
1.29 0.640294
1.3 0.6397905
1.31 0.639287
1.32 0.6387835
1.33 0.63828
1.34 0.6377765
1.35 0.637273
1.36 0.6339203
1.37 0.6305676
1.38 0.6272149
1.39 0.6238622
1.4 0.6205095
1.41 0.6171568
1.42 0.6138041
1.43 0.6104514
1.44 0.6070987
1.45 0.603746
1.46 0.6001284
1.47 0.5965108
1.48 0.5928932
1.49 0.5892756
1.5 0.585658
1.51 0.5820404
1.52 0.5784228
1.53 0.5748052
1.54 0.5711876
1.55 0.56757
1.56 0.5685844
1.57 0.5695988
1.58 0.5706132
1.59 0.5716276
1.6 0.572642
1.61 0.5736564
1.62 0.5746708
1.63 0.5756852
1.64 0.5766996
1.65 0.577714
1.66 0.5787158
1.67 0.5797176
1.68 0.5807194
1.69 0.5817212
1.7 0.582723
1.71 0.5837248
1.72 0.5847266
1.73 0.5857284
1.74 0.5867302
1.75 0.587732
1.76 0.5889114
1.77 0.5900908
1.78 0.5912702
1.79 0.5924496
1.8 0.593629
1.81 0.5948084
1.82 0.5959878
1.83 0.5971672
1.84 0.5983466
1.85 0.599526
1.86 0.6011496
1.87 0.6027732
1.88 0.6043968
1.89 0.6060204
1.9 0.607644
1.91 0.6092676
1.92 0.6108912
1.93 0.6125148
1.94 0.6141384
1.95 0.615762
1.96 0.6172507
1.97 0.6187394
1.98 0.6202281
1.99 0.6217168
2.0 0.6232055
2.01 0.6246942
2.02 0.6261829
2.03 0.6276716
2.04 0.6291603
2.05 0.630649
2.06 0.630578
2.07 0.630507
2.08 0.630436
2.09 0.630365
2.1 0.630294
2.11 0.630223
2.12 0.630152
2.13 0.630081
2.14 0.63001
2.15 0.629939
2.16 0.6289867
2.17 0.6280344
2.18 0.6270821
2.19 0.6261298
2.2 0.6251775
2.21 0.6242252
2.22 0.6232729
2.23 0.6223206
2.24 0.6213683
2.25 0.620416
2.26 0.6206748
2.27 0.6209336
2.28 0.6211924
2.29 0.6214512
2.3 0.62171
2.31 0.6219688
2.32 0.6222276
2.33 0.6224864
2.34 0.6227452
2.35 0.623004
2.36 0.6232023
2.37 0.6234006
2.38 0.6235989
2.39 0.6237972
2.4 0.6239955
2.41 0.6241938
2.42 0.6243921
2.43 0.6245904
2.44 0.6247887
2.45 0.624987
2.46 0.6223609
2.47 0.6197348
2.48 0.6171087
2.49 0.6144826
2.5 0.6118565
2.51 0.6092304
2.52 0.6066043
2.53 0.6039782
2.54 0.6013521
2.55 0.598726
2.56 0.5970831
2.57 0.5954402
2.58 0.5937973
2.59 0.5921544
2.6 0.5905115
2.61 0.5888686
2.62 0.5872257
2.63 0.5855828
2.64 0.5839399
2.65 0.582297
2.66 0.5837135
2.67 0.58513
2.68 0.5865465
2.69 0.587963
2.7 0.5893795
2.71 0.590796
2.72 0.5922125
2.73 0.593629
2.74 0.5950455
2.75 0.596462
2.76 0.6019786
2.77 0.6074952
2.78 0.6130118
2.79 0.6185284
2.8 0.624045
2.81 0.6295616
2.82 0.6350782
2.83 0.6405948
2.84 0.6461114
2.85 0.651628
2.86 0.6574854
2.87 0.6633428
2.88 0.6692002
2.89 0.6750576
2.9 0.680915
2.91 0.6867724
2.92 0.6926298
2.93 0.6984872
2.94 0.7043446
2.95 0.710202
2.96 0.7133976
2.97 0.7165932
2.98 0.7197888
2.99 0.7229844
3.0 0.72618
3.01 0.7293756
3.02 0.7325712
3.03 0.7357668
3.04 0.7389624
3.05 0.742158
3.06 0.7432736
3.07 0.7443892
3.08 0.7455048
3.09 0.7466204
3.1 0.747736
3.11 0.7488516
3.12 0.7499672
3.13 0.7510828
3.14 0.7521984
3.15 0.753314
3.16 0.7537539
3.17 0.7541938
3.18 0.7546337
3.19 0.7550736
3.2 0.7555135
3.21 0.7559534
3.22 0.7563933
3.23 0.7568332
3.24 0.7572731
3.25 0.757713
3.26 0.7584546
3.27 0.7591962
3.28 0.7599378
3.29 0.7606794
3.3 0.761421
3.31 0.7621626
3.32 0.7629042
3.33 0.7636458
3.34 0.7643874
3.35 0.765129
3.36 0.7657274
3.37 0.7663258
3.38 0.7669242
3.39 0.7675226
3.4 0.768121
3.41 0.7687194
3.42 0.7693178
3.43 0.7699162
3.44 0.7705146
3.45 0.771113
3.46 0.7712195
3.47 0.771326
3.48 0.7714325
3.49 0.771539
3.5 0.7716455
3.51 0.771752
3.52 0.7718585
3.53 0.771965
3.54 0.7720715
3.55 0.772178
3.56 0.7722601
3.57 0.7723422
3.58 0.7724243
3.59 0.7725064
3.6 0.7725885
3.61 0.7726706
3.62 0.7727527
3.63 0.7728348
3.64 0.7729169
3.65 0.772999
3.66 0.7730691
3.67 0.7731392
3.68 0.7732093
3.69 0.7732794
3.7 0.7733495
3.71 0.7734196
3.72 0.7734897
3.73 0.7735598
3.74 0.7736299
3.75 0.7737
3.76 0.7736744
3.77 0.7736488
3.78 0.7736232
3.79 0.7735976
3.8 0.773572
3.81 0.7735464
3.82 0.7735208
3.83 0.7734952
3.84 0.7734696
3.85 0.773444
3.86 0.7734961
3.87 0.7735482
3.88 0.7736003
3.89 0.7736524
3.9 0.7737045
3.91 0.7737566
3.92 0.7738087
3.93 0.7738608
3.94 0.7739129
3.95 0.773965
3.96 0.7739483
3.97 0.7739316
3.98 0.7739149
3.99 0.7738982
4.0 0.7738815
4.01 0.7738648
4.02 0.7738481
4.03 0.7738314
4.04 0.7738147
4.05 0.773798
4.06 0.7737718
4.07 0.7737456
4.08 0.7737194
4.09 0.7736932
4.1 0.773667
4.11 0.7736408
4.12 0.7736146
4.13 0.7735884
4.14 0.7735622
4.15 0.773536
4.16 0.7735537
4.17 0.7735714
4.18 0.7735891
4.19 0.7736068
4.2 0.7736245
4.21 0.7736422
4.22 0.7736599
4.23 0.7736776
4.24 0.7736953
4.25 0.773713
4.26 0.7737298
4.27 0.7737466
4.28 0.7737634
4.29 0.7737802
4.3 0.773797
4.31 0.7738138
4.32 0.7738306
4.33 0.7738474
4.34 0.7738642
4.35 0.773881
4.36 0.7738492
4.37 0.7738174
4.38 0.7737856
4.39 0.7737538
4.4 0.773722
4.41 0.7736902
4.42 0.7736584
4.43 0.7736266
4.44 0.7735948
4.45 0.773563
4.46 0.7735797
4.47 0.7735964
4.48 0.7736131
4.49 0.7736298
4.5 0.7736465
4.51 0.7736632
4.52 0.7736799
4.53 0.7736966
4.54 0.7737133
4.55 0.77373
4.56 0.7737464
4.57 0.7737628
4.58 0.7737792
4.59 0.7737956
4.6 0.773812
4.61 0.7738284
4.62 0.7738448
4.63 0.7738612
4.64 0.7738776
4.65 0.773894
4.66 0.7739022
4.67 0.7739104
4.68 0.7739186
4.69 0.7739268
4.7 0.773935
4.71 0.7739432
4.72 0.7739514
4.73 0.7739596
4.74 0.7739678
4.75 0.773976
4.76 0.7739488
4.77 0.7739216
4.78 0.7738944
4.79 0.7738672
4.8 0.77384
4.81 0.7738128
4.82 0.7737856
4.83 0.7737584
4.84 0.7737312
4.85 0.773704
4.86 0.7737456
4.87 0.7737872
4.88 0.7738288
4.89 0.7738704
4.9 0.773912
4.91 0.7739536
4.92 0.7739952
4.93 0.7740368
4.94 0.7740784
4.95 0.77412
4.96 0.7741032
4.97 0.7740864
4.98 0.7740696
4.99 0.7740528
5.0 0.774036
5.01 0.7740192
5.02 0.7740024
5.03 0.7739856
5.04 0.7739688
5.05 0.773952
5.06 0.7739797
5.07 0.7740074
5.08 0.7740351
5.09 0.7740628
5.1 0.7740905
5.11 0.7741182
5.12 0.7741459
5.13 0.7741736
5.14 0.7742013
5.15 0.774229
5.16 0.77422
5.17 0.774211
5.18 0.774202
5.19 0.774193
5.2 0.774184
5.21 0.774175
5.22 0.774166
5.23 0.774157
5.24 0.774148
5.25 0.774139
5.26 0.7741294
5.27 0.7741198
5.28 0.7741102
5.29 0.7741006
5.3 0.774091
5.31 0.7740814
5.32 0.7740718
5.33 0.7740622
5.34 0.7740526
5.35 0.774043
5.36 0.7740665
5.37 0.77409
5.38 0.7741135
5.39 0.774137
5.4 0.7741605
5.41 0.774184
5.42 0.7742075
5.43 0.774231
5.44 0.7742545
5.45 0.774278
5.46 0.7742749
5.47 0.7742718
5.48 0.7742687
5.49 0.7742656
5.5 0.7742625
5.51 0.7742594
5.52 0.7742563
5.53 0.7742532
5.54 0.7742501
5.55 0.774247
5.56 0.7742005
5.57 0.774154
5.58 0.7741075
5.59 0.774061
5.6 0.7740145
5.61 0.773968
5.62 0.7739215
5.63 0.773875
5.64 0.7738285
5.65 0.773782
5.66 0.7737655
5.67 0.773749
5.68 0.7737325
5.69 0.773716
5.7 0.7736995
5.71 0.773683
5.72 0.7736665
5.73 0.77365
5.74 0.7736335
5.75 0.773617
5.76 0.7735912
5.77 0.7735654
5.78 0.7735396
5.79 0.7735138
5.8 0.773488
5.81 0.7734622
5.82 0.7734364
5.83 0.7734106
5.84 0.7733848
5.85 0.773359
5.86 0.7734118
5.87 0.7734646
5.88 0.7735174
5.89 0.7735702
5.9 0.773623
5.91 0.7736758
5.92 0.7737286
5.93 0.7737814
5.94 0.7738342
5.95 0.773887
5.96 0.7738997
5.97 0.7739124
5.98 0.7739251
5.99 0.7739378
6.0 0.7739505
6.01 0.7739632
6.02 0.7739759
6.03 0.7739886
6.04 0.7740013
6.05 0.774014
6.06 0.7739448
6.07 0.7738756
6.08 0.7738064
6.09 0.7737372
6.1 0.773668
6.11 0.7735988
6.12 0.7735296
6.13 0.7734604
6.14 0.7733912
6.15 0.773322
6.16 0.773328
6.17 0.773334
6.18 0.77334
6.19 0.773346
6.2 0.773352
6.21 0.773358
6.22 0.773364
6.23 0.77337
6.24 0.773376
6.25 0.773382
6.26 0.7733892
6.27 0.7733964
6.28 0.7734036
6.29 0.7734108
6.3 0.773418
6.31 0.7734252
6.32 0.7734324
6.33 0.7734396
6.34 0.7734468
6.35 0.773454
6.36 0.77342
6.37 0.773386
6.38 0.773352
6.39 0.773318
6.4 0.773284
6.41 0.77325
6.42 0.773216
6.43 0.773182
6.44 0.773148
6.45 0.773114
6.46 0.7732163
6.47 0.7733186
6.48 0.7734209
6.49 0.7735232
6.5 0.7736255
6.51 0.7737278
6.52 0.7738301
6.53 0.7739324
6.54 0.7740347
6.55 0.774137
6.56 0.7740604
6.57 0.7739838
6.58 0.7739072
6.59 0.7738306
6.6 0.773754
6.61 0.7736774
6.62 0.7736008
6.63 0.7735242
6.64 0.7734476
6.65 0.773371
6.66 0.7732178
6.67 0.7730646
6.68 0.7729114
6.69 0.7727582
6.7 0.772605
6.71 0.7724518
6.72 0.7722986
6.73 0.7721454
6.74 0.7719922
6.75 0.771839
6.76 0.7720046
6.77 0.7721702
6.78 0.7723358
6.79 0.7725014
6.8 0.772667
6.81 0.7728326
6.82 0.7729982
6.83 0.7731638
6.84 0.7733294
6.85 0.773495
6.86 0.7732171
6.87 0.7729392
6.88 0.7726613
6.89 0.7723834
6.9 0.7721055
6.91 0.7718276
6.92 0.7715497
6.93 0.7712718
6.94 0.7709939
6.95 0.770716
6.96 0.7709301
6.97 0.7711442
6.98 0.7713583
6.99 0.7715724
7.0 0.7717865
7.01 0.7720006
7.02 0.7722147
7.03 0.7724288
7.04 0.7726429
7.05 0.772857
7.06 0.7726874
7.07 0.7725178
7.08 0.7723482
7.09 0.7721786
7.1 0.772009
7.11 0.7718394
7.12 0.7716698
7.13 0.7715002
7.14 0.7713306
7.15 0.771161
7.16 0.7713823
7.17 0.7716036
7.18 0.7718249
7.19 0.7720462
7.2 0.7722675
7.21 0.7724888
7.22 0.7727101
7.23 0.7729314
7.24 0.7731527
7.25 0.773374
7.26 0.7730043
7.27 0.7726346
7.28 0.7722649
7.29 0.7718952
7.3 0.7715255
7.31 0.7711558
7.32 0.7707861
7.33 0.7704164
7.34 0.7700467
7.35 0.769677
7.36 0.7697964
7.37 0.7699158
7.38 0.7700352
7.39 0.7701546
7.4 0.770274
7.41 0.7703934
7.42 0.7705128
7.43 0.7706322
7.44 0.7707516
7.45 0.770871
7.46 0.770336
7.47 0.769801
7.48 0.769266
7.49 0.768731
7.5 0.768196
7.51 0.767661
7.52 0.767126
7.53 0.766591
7.54 0.766056
7.55 0.765521
7.56 0.7650411
7.57 0.7645612
7.58 0.7640813
7.59 0.7636014
7.6 0.7631215
7.61 0.7626416
7.62 0.7621617
7.63 0.7616818
7.64 0.7612019
7.65 0.760722
7.66 0.761512
7.67 0.762302
7.68 0.763092
7.69 0.763882
7.7 0.764672
7.71 0.765462
7.72 0.766252
7.73 0.767042
7.74 0.767832
7.75 0.768622
7.76 0.7688031
7.77 0.7689842
7.78 0.7691653
7.79 0.7693464
7.8 0.7695275
7.81 0.7697086
7.82 0.7698897
7.83 0.7700708
7.84 0.7702519
7.85 0.770433
7.86 0.7703849
7.87 0.7703368
7.88 0.7702887
7.89 0.7702406
7.9 0.7701925
7.91 0.7701444
7.92 0.7700963
7.93 0.7700482
7.94 0.7700001
7.95 0.769952
7.96 0.7703388
7.97 0.7707256
7.98 0.7711124
7.99 0.7714992
8.0 0.771886
8.01 0.7722728
8.02 0.7726596
8.03 0.7730464
8.04 0.7734332
8.05 0.77382
8.06 0.7731001
8.07 0.7723802
8.08 0.7716603
8.09 0.7709404
8.1 0.7702205
8.11 0.7695006
8.12 0.7687807
8.13 0.7680608
8.14 0.7673409
8.15 0.766621
8.16 0.7665117
8.17 0.7664024
8.18 0.7662931
8.19 0.7661838
8.2 0.7660745
8.21 0.7659652
8.22 0.7658559
8.23 0.7657466
8.24 0.7656373
8.25 0.765528
8.26 0.7660432
8.27 0.7665584
8.28 0.7670736
8.29 0.7675888
8.3 0.768104
8.31 0.7686192
8.32 0.7691344
8.33 0.7696496
8.34 0.7701648
8.35 0.77068
8.36 0.7672093
8.37 0.7637386
8.38 0.7602679
8.39 0.7567972
8.4 0.7533265
8.41 0.7498558
8.42 0.7463851
8.43 0.7429144
8.44 0.7394437
8.45 0.735973
8.46 0.735973
8.47 0.735973
8.48 0.735973
8.49 0.735973
8.5 0.735973
8.51 0.735973
8.52 0.735973
8.53 0.735973
8.54 0.735973
8.55 0.735973
8.56 0.735973
8.57 0.735973
8.58 0.735973
8.59 0.735973
8.6 0.735973
8.61 0.735973
8.62 0.735973
8.63 0.735973
8.64 0.735973
8.65 0.735973
8.66 0.735973
8.67 0.735973
8.68 0.735973
8.69 0.735973
8.7 0.735973
8.71 0.735973
8.72 0.735973
8.73 0.735973
8.74 0.735973
8.75 0.735973
8.76 0.735973
8.77 0.735973
8.78 0.735973
8.79 0.735973
8.8 0.735973
8.81 0.735973
8.82 0.735973
8.83 0.735973
8.84 0.735973
8.85 0.735973
8.86 0.735973
8.87 0.735973
8.88 0.735973
8.89 0.735973
8.9 0.735973
8.91 0.735973
8.92 0.735973
8.93 0.735973
8.94 0.735973
8.95 0.735973
8.96 0.735973
8.97 0.735973
8.98 0.735973
8.99 0.735973
9.0 0.735973
9.01 0.735973
9.02 0.735973
9.03 0.735973
9.04 0.735973
9.05 0.735973
9.06 0.735973
9.07 0.735973
9.08 0.735973
9.09 0.735973
9.1 0.735973
9.11 0.735973
9.12 0.735973
9.13 0.735973
9.14 0.735973
9.15 0.735973
9.16 0.735973
9.17 0.735973
9.18 0.735973
9.19 0.735973
9.2 0.735973
9.21 0.735973
9.22 0.735973
9.23 0.735973
9.24 0.735973
9.25 0.735973
9.26 0.735973
9.27 0.735973
9.28 0.735973
9.29 0.735973
9.3 0.735973
9.31 0.735973
9.32 0.735973
9.33 0.735973
9.34 0.735973
9.35 0.735973
9.36 0.735973
9.37 0.735973
9.38 0.735973
9.39 0.735973
9.4 0.735973
9.41 0.735973
9.42 0.735973
9.43 0.735973
9.44 0.735973
9.45 0.735973
9.46 0.735973
9.47 0.735973
9.48 0.735973
9.49 0.735973
9.5 0.735973
9.51 0.735973
9.52 0.735973
9.53 0.735973
9.54 0.735973
9.55 0.735973
9.56 0.735973
9.57 0.735973
9.58 0.735973
9.59 0.735973
9.6 0.735973
9.61 0.735973
9.62 0.735973
9.63 0.735973
9.64 0.735973
9.65 0.735973
9.66 0.735973
9.67 0.735973
9.68 0.735973
9.69 0.735973
9.7 0.735973
9.71 0.735973
9.72 0.735973
9.73 0.735973
9.74 0.735973
9.75 0.735973
9.76 0.735973
9.77 0.735973
9.78 0.735973
9.79 0.735973
9.8 0.735973
9.81 0.735973
9.82 0.735973
9.83 0.735973
9.84 0.735973
9.85 0.735973
9.86 0.735973
9.87 0.735973
9.88 0.735973
9.89 0.735973
9.9 0.735973
9.91 0.735973
9.92 0.735973
9.93 0.735973
9.94 0.735973
9.95 0.735973
9.96 0.735973
9.97 0.735973
9.98 0.735973
9.99 0.735973
10.0 0.735973
10.01 0.735973
10.02 0.735973
10.03 0.735973
10.04 0.735973
10.05 0.735973
10.06 0.735973
10.07 0.735973
10.08 0.735973
10.09 0.735973
10.1 0.735973
10.11 0.735973
10.12 0.735973
10.13 0.735973
10.14 0.735973
10.15 0.735973
10.16 0.735973
10.17 0.735973
10.18 0.735973
10.19 0.735973
10.2 0.735973
10.21 0.735973
10.22 0.735973
10.23 0.735973
10.24 0.735973
10.25 0.735973
10.26 0.735973
10.27 0.735973
10.28 0.735973
10.29 0.735973
10.3 0.735973
10.31 0.735973
10.32 0.735973
10.33 0.735973
10.34 0.735973
10.35 0.735973
10.36 0.735973
10.37 0.735973
10.38 0.735973
10.39 0.735973
10.4 0.735973
10.41 0.735973
10.42 0.735973
10.43 0.735973
10.44 0.735973
10.45 0.735973
10.46 0.735973
10.47 0.735973
10.48 0.735973
10.49 0.735973
10.5 0.735973
10.51 0.735973
10.52 0.735973
10.53 0.735973
10.54 0.735973
10.55 0.735973
10.56 0.735973
10.57 0.735973
10.58 0.735973
10.59 0.735973
10.6 0.735973
10.61 0.735973
10.62 0.735973
10.63 0.735973
10.64 0.735973
10.65 0.735973
10.66 0.735973
10.67 0.735973
10.68 0.735973
10.69 0.735973
10.7 0.735973
10.71 0.735973
10.72 0.735973
10.73 0.735973
10.74 0.735973
10.75 0.735973
10.76 0.735973
10.77 0.735973
10.78 0.735973
10.79 0.735973
10.8 0.735973
10.81 0.735973
10.82 0.735973
10.83 0.735973
10.84 0.735973
10.85 0.735973
10.86 0.735973
10.87 0.735973
10.88 0.735973
10.89 0.735973
10.9 0.735973
10.91 0.735973
10.92 0.735973
10.93 0.735973
10.94 0.735973
10.95 0.735973
10.96 0.735973
10.97 0.735973
10.98 0.735973
10.99 0.735973
11.0 0.735973
11.01 0.735973
11.02 0.735973
11.03 0.735973
11.04 0.735973
11.05 0.735973
11.06 0.735973
11.07 0.735973
11.08 0.735973
11.09 0.735973
11.1 0.735973
11.11 0.735973
11.12 0.735973
11.13 0.735973
11.14 0.735973
11.15 0.735973
11.16 0.735973
11.17 0.735973
11.18 0.735973
11.19 0.735973
11.2 0.735973
11.21 0.735973
11.22 0.735973
11.23 0.735973
11.24 0.735973
11.25 0.735973
11.26 0.735973
11.27 0.735973
11.28 0.735973
11.29 0.735973
11.3 0.735973
11.31 0.735973
11.32 0.735973
11.33 0.735973
11.34 0.735973
11.35 0.735973
11.36 0.735973
11.37 0.735973
11.38 0.735973
11.39 0.735973
11.4 0.735973
11.41 0.735973
11.42 0.735973
11.43 0.735973
11.44 0.735973
11.45 0.735973
11.46 0.735973
11.47 0.735973
11.48 0.735973
11.49 0.735973
11.5 0.735973
11.51 0.735973
11.52 0.735973
11.53 0.735973
11.54 0.735973
11.55 0.735973
11.56 0.735973
11.57 0.735973
11.58 0.735973
11.59 0.735973
11.6 0.735973
11.61 0.735973
11.62 0.735973
11.63 0.735973
11.64 0.735973
11.65 0.735973
11.66 0.735973
11.67 0.735973
11.68 0.735973
11.69 0.735973
11.7 0.735973
11.71 0.735973
11.72 0.735973
11.73 0.735973
11.74 0.735973
11.75 0.735973
11.76 0.735973
11.77 0.735973
11.78 0.735973
11.79 0.735973
11.8 0.735973
11.81 0.735973
11.82 0.735973
11.83 0.735973
11.84 0.735973
11.85 0.735973
11.86 0.735973
11.87 0.735973
11.88 0.735973
11.89 0.735973
11.9 0.735973
11.91 0.735973
11.92 0.735973
11.93 0.735973
11.94 0.735973
11.95 0.735973
11.96 0.735973
11.97 0.735973
11.98 0.735973
11.99 0.735973
12.0 0.735973
12.01 0.735973
12.02 0.735973
12.03 0.735973
12.04 0.735973
12.05 0.735973
12.06 0.735973
12.07 0.735973
12.08 0.735973
12.09 0.735973
12.1 0.735973
12.11 0.735973
12.12 0.735973
12.13 0.735973
12.14 0.735973
12.15 0.735973
12.16 0.735973
12.17 0.735973
12.18 0.735973
12.19 0.735973
12.2 0.735973
12.21 0.735973
12.22 0.735973
12.23 0.735973
12.24 0.735973
12.25 0.735973
12.26 0.735973
12.27 0.735973
12.28 0.735973
12.29 0.735973
12.3 0.735973
12.31 0.735973
12.32 0.735973
12.33 0.735973
12.34 0.735973
12.35 0.735973
12.36 0.735973
12.37 0.735973
12.38 0.735973
12.39 0.735973
12.4 0.735973
12.41 0.735973
12.42 0.735973
12.43 0.735973
12.44 0.735973
12.45 0.735973
12.46 0.735973
12.47 0.735973
12.48 0.735973
12.49 0.735973
12.5 0.735973
12.51 0.735973
12.52 0.735973
12.53 0.735973
12.54 0.735973
12.55 0.735973
12.56 0.735973
12.57 0.735973
12.58 0.735973
12.59 0.735973
12.6 0.735973
12.61 0.735973
12.62 0.735973
12.63 0.735973
12.64 0.735973
12.65 0.735973
12.66 0.735973
12.67 0.735973
12.68 0.735973
12.69 0.735973
12.7 0.735973
12.71 0.735973
12.72 0.735973
12.73 0.735973
12.74 0.735973
12.75 0.735973
12.76 0.735973
12.77 0.735973
12.78 0.735973
12.79 0.735973
12.8 0.735973
12.81 0.735973
12.82 0.735973
12.83 0.735973
12.84 0.735973
12.85 0.735973
12.86 0.735973
12.87 0.735973
12.88 0.735973
12.89 0.735973
12.9 0.735973
12.91 0.735973
12.92 0.735973
12.93 0.735973
12.94 0.735973
12.95 0.735973
12.96 0.735973
12.97 0.735973
12.98 0.735973
12.99 0.735973
13.0 0.735973
13.01 0.735973
13.02 0.735973
13.03 0.735973
13.04 0.735973
13.05 0.735973
13.06 0.735973
13.07 0.735973
13.08 0.735973
13.09 0.735973
13.1 0.735973
13.11 0.735973
13.12 0.735973
13.13 0.735973
13.14 0.735973
13.15 0.735973
13.16 0.735973
13.17 0.735973
13.18 0.735973
13.19 0.735973
13.2 0.735973
13.21 0.735973
13.22 0.735973
13.23 0.735973
13.24 0.735973
13.25 0.735973
13.26 0.735973
13.27 0.735973
13.28 0.735973
13.29 0.735973
13.3 0.735973
13.31 0.735973
13.32 0.735973
13.33 0.735973
13.34 0.735973
13.35 0.735973
13.36 0.735973
13.37 0.735973
13.38 0.735973
13.39 0.735973
13.4 0.735973
13.41 0.735973
13.42 0.735973
13.43 0.735973
13.44 0.735973
13.45 0.735973
13.46 0.735973
13.47 0.735973
13.48 0.735973
13.49 0.735973
13.5 0.735973
13.51 0.735973
13.52 0.735973
13.53 0.735973
13.54 0.735973
13.55 0.735973
13.56 0.735973
13.57 0.735973
13.58 0.735973
13.59 0.735973
13.6 0.735973
13.61 0.735973
13.62 0.735973
13.63 0.735973
13.64 0.735973
13.65 0.735973
13.66 0.735973
13.67 0.735973
13.68 0.735973
13.69 0.735973
13.7 0.735973
13.71 0.735973
13.72 0.735973
13.73 0.735973
13.74 0.735973
13.75 0.735973
13.76 0.735973
13.77 0.735973
13.78 0.735973
13.79 0.735973
13.8 0.735973
13.81 0.735973
13.82 0.735973
13.83 0.735973
13.84 0.735973
13.85 0.735973
13.86 0.735973
13.87 0.735973
13.88 0.735973
13.89 0.735973
13.9 0.735973
13.91 0.735973
13.92 0.735973
13.93 0.735973
13.94 0.735973
13.95 0.735973
13.96 0.735973
13.97 0.735973
13.98 0.735973
13.99 0.735973
14.0 0.735973
14.01 0.735973
14.02 0.735973
14.03 0.735973
14.04 0.735973
14.05 0.735973
14.06 0.735973
14.07 0.735973
14.08 0.735973
14.09 0.735973
14.1 0.735973
14.11 0.735973
14.12 0.735973
14.13 0.735973
14.14 0.735973
14.15 0.735973
14.16 0.735973
14.17 0.735973
14.18 0.735973
14.19 0.735973
14.2 0.735973
14.21 0.735973
14.22 0.735973
14.23 0.735973
14.24 0.735973
14.25 0.735973
14.26 0.735973
14.27 0.735973
14.28 0.735973
14.29 0.735973
14.3 0.735973
14.31 0.735973
14.32 0.735973
14.33 0.735973
14.34 0.735973
14.35 0.735973
14.36 0.735973
14.37 0.735973
14.38 0.735973
14.39 0.735973
14.4 0.735973
14.41 0.735973
14.42 0.735973
14.43 0.735973
14.44 0.735973
14.45 0.735973
14.46 0.735973
14.47 0.735973
14.48 0.735973
14.49 0.735973
14.5 0.735973
14.51 0.735973
14.52 0.735973
14.53 0.735973
14.54 0.735973
14.55 0.735973
14.56 0.735973
14.57 0.735973
14.58 0.735973
14.59 0.735973
14.6 0.735973
14.61 0.735973
14.62 0.735973
14.63 0.735973
14.64 0.735973
14.65 0.735973
14.66 0.735973
14.67 0.735973
14.68 0.735973
14.69 0.735973
14.7 0.735973
14.71 0.735973
14.72 0.735973
14.73 0.735973
14.74 0.735973
14.75 0.735973
14.76 0.735973
14.77 0.735973
14.78 0.735973
14.79 0.735973
14.8 0.735973
14.81 0.735973
14.82 0.735973
14.83 0.735973
14.84 0.735973
14.85 0.735973
14.86 0.735973
14.87 0.735973
14.88 0.735973
14.89 0.735973
14.9 0.735973
14.91 0.735973
14.92 0.735973
14.93 0.735973
14.94 0.735973
14.95 0.735973
14.96 0.735973
14.97 0.735973
14.98 0.735973
14.99 0.735973
15.0 0.735973
15.01 0.735973
15.02 0.735973
15.03 0.735973
15.04 0.735973
15.05 0.735973
15.06 0.735973
15.07 0.735973
15.08 0.735973
15.09 0.735973
15.1 0.735973
15.11 0.735973
15.12 0.735973
15.13 0.735973
15.14 0.735973
15.15 0.735973
15.16 0.735973
15.17 0.735973
15.18 0.735973
15.19 0.735973
15.2 0.735973
15.21 0.735973
15.22 0.735973
15.23 0.735973
15.24 0.735973
15.25 0.735973
15.26 0.735973
15.27 0.735973
15.28 0.735973
15.29 0.735973
15.3 0.735973
15.31 0.735973
15.32 0.735973
15.33 0.735973
15.34 0.735973
15.35 0.735973
15.36 0.735973
15.37 0.735973
15.38 0.735973
15.39 0.735973
15.4 0.735973
15.41 0.735973
15.42 0.735973
15.43 0.735973
15.44 0.735973
15.45 0.735973
15.46 0.735973
15.47 0.735973
15.48 0.735973
15.49 0.735973
15.5 0.735973
15.51 0.735973
15.52 0.735973
15.53 0.735973
15.54 0.735973
15.55 0.735973
15.56 0.735973
15.57 0.735973
15.58 0.735973
15.59 0.735973
15.6 0.735973
15.61 0.735973
15.62 0.735973
15.63 0.735973
15.64 0.735973
15.65 0.735973
15.66 0.735973
15.67 0.735973
15.68 0.735973
15.69 0.735973
15.7 0.735973
15.71 0.735973
15.72 0.735973
15.73 0.735973
15.74 0.735973
15.75 0.735973
15.76 0.735973
15.77 0.735973
15.78 0.735973
15.79 0.735973
15.8 0.735973
15.81 0.735973
15.82 0.735973
15.83 0.735973
15.84 0.735973
15.85 0.735973
15.86 0.735973
15.87 0.735973
15.88 0.735973
15.89 0.735973
15.9 0.735973
15.91 0.735973
15.92 0.735973
15.93 0.735973
15.94 0.735973
15.95 0.735973
15.96 0.735973
15.97 0.735973
15.98 0.735973
15.99 0.735973
16.0 0.735973
16.01 0.735973
16.02 0.735973
16.03 0.735973
16.04 0.735973
16.05 0.735973
16.06 0.735973
16.07 0.735973
16.08 0.735973
16.09 0.735973
16.1 0.735973
16.11 0.735973
16.12 0.735973
16.13 0.735973
16.14 0.735973
16.15 0.735973
16.16 0.735973
16.17 0.735973
16.18 0.735973
16.19 0.735973
16.2 0.735973
16.21 0.735973
16.22 0.735973
16.23 0.735973
16.24 0.735973
16.25 0.735973
16.26 0.735973
16.27 0.735973
16.28 0.735973
16.29 0.735973
16.3 0.735973
16.31 0.735973
16.32 0.735973
16.33 0.735973
16.34 0.735973
16.35 0.735973
16.36 0.735973
16.37 0.735973
16.38 0.735973
16.39 0.735973
16.4 0.735973
16.41 0.735973
16.42 0.735973
16.43 0.735973
16.44 0.735973
16.45 0.735973
16.46 0.735973
16.47 0.735973
16.48 0.735973
16.49 0.735973
16.5 0.735973
16.51 0.735973
16.52 0.735973
16.53 0.735973
16.54 0.735973
16.55 0.735973
16.56 0.735973
16.57 0.735973
16.58 0.735973
16.59 0.735973
16.6 0.735973
16.61 0.735973
16.62 0.735973
16.63 0.735973
16.64 0.735973
16.65 0.735973
16.66 0.735973
16.67 0.735973
16.68 0.735973
16.69 0.735973
16.7 0.735973
16.71 0.735973
16.72 0.735973
16.73 0.735973
16.74 0.735973
16.75 0.735973
16.76 0.735973
16.77 0.735973
16.78 0.735973
16.79 0.735973
16.8 0.735973
16.81 0.735973
16.82 0.735973
16.83 0.735973
16.84 0.735973
16.85 0.735973
16.86 0.735973
16.87 0.735973
16.88 0.735973
16.89 0.735973
16.9 0.735973
16.91 0.735973
16.92 0.735973
16.93 0.735973
16.94 0.735973
16.95 0.735973
16.96 0.735973
16.97 0.735973
16.98 0.735973
16.99 0.735973
17.0 0.735973
17.01 0.735973
17.02 0.735973
17.03 0.735973
17.04 0.735973
17.05 0.735973
17.06 0.735973
17.07 0.735973
17.08 0.735973
17.09 0.735973
17.1 0.735973
17.11 0.735973
17.12 0.735973
17.13 0.735973
17.14 0.735973
17.15 0.735973
17.16 0.735973
17.17 0.735973
17.18 0.735973
17.19 0.735973
17.2 0.735973
17.21 0.735973
17.22 0.735973
17.23 0.735973
17.24 0.735973
17.25 0.735973
17.26 0.735973
17.27 0.735973
17.28 0.735973
17.29 0.735973
17.3 0.735973
17.31 0.735973
17.32 0.735973
17.33 0.735973
17.34 0.735973
17.35 0.735973
17.36 0.735973
17.37 0.735973
17.38 0.735973
17.39 0.735973
17.4 0.735973
17.41 0.735973
17.42 0.735973
17.43 0.735973
17.44 0.735973
17.45 0.735973
17.46 0.735973
17.47 0.735973
17.48 0.735973
17.49 0.735973
17.5 0.735973
17.51 0.735973
17.52 0.735973
17.53 0.735973
17.54 0.735973
17.55 0.735973
17.56 0.735973
17.57 0.735973
17.58 0.735973
17.59 0.735973
17.6 0.735973
17.61 0.735973
17.62 0.735973
17.63 0.735973
17.64 0.735973
17.65 0.735973
17.66 0.735973
17.67 0.735973
17.68 0.735973
17.69 0.735973
17.7 0.735973
17.71 0.735973
17.72 0.735973
17.73 0.735973
17.74 0.735973
17.75 0.735973
17.76 0.735973
17.77 0.735973
17.78 0.735973
17.79 0.735973
17.8 0.735973
17.81 0.735973
17.82 0.735973
17.83 0.735973
17.84 0.735973
17.85 0.735973
17.86 0.735973
17.87 0.735973
17.88 0.735973
17.89 0.735973
17.9 0.735973
17.91 0.735973
17.92 0.735973
17.93 0.735973
17.94 0.735973
17.95 0.735973
17.96 0.735973
17.97 0.735973
17.98 0.735973
17.99 0.735973
18.0 0.735973
18.01 0.735973
18.02 0.735973
18.03 0.735973
18.04 0.735973
18.05 0.735973
18.06 0.735973
18.07 0.735973
18.08 0.735973
18.09 0.735973
18.1 0.735973
18.11 0.735973
18.12 0.735973
18.13 0.735973
18.14 0.735973
18.15 0.735973
18.16 0.735973
18.17 0.735973
18.18 0.735973
18.19 0.735973
18.2 0.735973
18.21 0.735973
18.22 0.735973
18.23 0.735973
18.24 0.735973
18.25 0.735973
18.26 0.735973
18.27 0.735973
18.28 0.735973
18.29 0.735973
18.3 0.735973
18.31 0.735973
18.32 0.735973
18.33 0.735973
18.34 0.735973
18.35 0.735973
18.36 0.735973
18.37 0.735973
18.38 0.735973
18.39 0.735973
18.4 0.735973
18.41 0.735973
18.42 0.735973
18.43 0.735973
18.44 0.735973
18.45 0.735973
18.46 0.735973
18.47 0.735973
18.48 0.735973
18.49 0.735973
18.5 0.735973
18.51 0.735973
18.52 0.735973
18.53 0.735973
18.54 0.735973
18.55 0.735973
18.56 0.735973
18.57 0.735973
18.58 0.735973
18.59 0.735973
18.6 0.735973
18.61 0.735973
18.62 0.735973
18.63 0.735973
18.64 0.735973
18.65 0.735973
18.66 0.735973
18.67 0.735973
18.68 0.735973
18.69 0.735973
18.7 0.735973
18.71 0.735973
18.72 0.735973
18.73 0.735973
18.74 0.735973
18.75 0.735973
18.76 0.735973
18.77 0.735973
18.78 0.735973
18.79 0.735973
18.8 0.735973
18.81 0.735973
18.82 0.735973
18.83 0.735973
18.84 0.735973
18.85 0.735973
18.86 0.735973
18.87 0.735973
18.88 0.735973
18.89 0.735973
18.9 0.735973
18.91 0.735973
18.92 0.735973
18.93 0.735973
18.94 0.735973
18.95 0.735973
18.96 0.735973
18.97 0.735973
18.98 0.735973
18.99 0.735973
19.0 0.735973
19.01 0.735973
19.02 0.735973
19.03 0.735973
19.04 0.735973
19.05 0.735973
19.06 0.735973
19.07 0.735973
19.08 0.735973
19.09 0.735973
19.1 0.735973
19.11 0.735973
19.12 0.735973
19.13 0.735973
19.14 0.735973
19.15 0.735973
19.16 0.735973
19.17 0.735973
19.18 0.735973
19.19 0.735973
19.2 0.735973
19.21 0.735973
19.22 0.735973
19.23 0.735973
19.24 0.735973
19.25 0.735973
19.26 0.735973
19.27 0.735973
19.28 0.735973
19.29 0.735973
19.3 0.735973
19.31 0.735973
19.32 0.735973
19.33 0.735973
19.34 0.735973
19.35 0.735973
19.36 0.735973
19.37 0.735973
19.38 0.735973
19.39 0.735973
19.4 0.735973
19.41 0.735973
19.42 0.735973
19.43 0.735973
19.44 0.735973
19.45 0.735973
19.46 0.735973
19.47 0.735973
19.48 0.735973
19.49 0.735973
19.5 0.735973
19.51 0.735973
19.52 0.735973
19.53 0.735973
19.54 0.735973
19.55 0.735973
19.56 0.735973
19.57 0.735973
19.58 0.735973
19.59 0.735973
19.6 0.735973
19.61 0.735973
19.62 0.735973
19.63 0.735973
19.64 0.735973
19.65 0.735973
19.66 0.735973
19.67 0.735973
19.68 0.735973
19.69 0.735973
19.7 0.735973
19.71 0.735973
19.72 0.735973
19.73 0.735973
19.74 0.735973
19.75 0.735973
19.76 0.735973
19.77 0.735973
19.78 0.735973
19.79 0.735973
19.8 0.735973
19.81 0.735973
19.82 0.735973
19.83 0.735973
19.84 0.735973
19.85 0.735973
19.86 0.735973
19.87 0.735973
19.88 0.735973
19.89 0.735973
19.9 0.735973
19.91 0.735973
19.92 0.735973
19.93 0.735973
19.94 0.735973
19.95 0.735973
19.96 0.735973
19.97 0.735973
19.98 0.735973
19.99 0.735973
20.0 0.735973
20.01 0.735973
20.02 0.735973
20.03 0.735973
20.04 0.735973
20.05 0.735973
20.06 0.735973
20.07 0.735973
20.08 0.735973
20.09 0.735973
20.1 0.735973
20.11 0.735973
20.12 0.735973
20.13 0.735973
20.14 0.735973
20.15 0.735973
20.16 0.735973
20.17 0.735973
20.18 0.735973
20.19 0.735973
20.2 0.735973
20.21 0.735973
20.22 0.735973
20.23 0.735973
20.24 0.735973
20.25 0.735973
20.26 0.735973
20.27 0.735973
20.28 0.735973
20.29 0.735973
20.3 0.735973
20.31 0.735973
20.32 0.735973
20.33 0.735973
20.34 0.735973
20.35 0.735973
20.36 0.735973
20.37 0.735973
20.38 0.735973
20.39 0.735973
20.4 0.735973
20.41 0.735973
20.42 0.735973
20.43 0.735973
20.44 0.735973
20.45 0.735973
20.46 0.735973
20.47 0.735973
20.48 0.735973
20.49 0.735973
20.5 0.735973
20.51 0.735973
20.52 0.735973
20.53 0.735973
20.54 0.735973
20.55 0.735973
20.56 0.735973
20.57 0.735973
20.58 0.735973
20.59 0.735973
20.6 0.735973
20.61 0.735973
20.62 0.735973
20.63 0.735973
20.64 0.735973
20.65 0.735973
20.66 0.735973
20.67 0.735973
20.68 0.735973
20.69 0.735973
20.7 0.735973
20.71 0.735973
20.72 0.735973
20.73 0.735973
20.74 0.735973
20.75 0.735973
20.76 0.735973
20.77 0.735973
20.78 0.735973
20.79 0.735973
20.8 0.735973
20.81 0.735973
20.82 0.735973
20.83 0.735973
20.84 0.735973
20.85 0.735973
20.86 0.735973
20.87 0.735973
20.88 0.735973
20.89 0.735973
20.9 0.735973
20.91 0.735973
20.92 0.735973
20.93 0.735973
20.94 0.735973
20.95 0.735973
20.96 0.735973
20.97 0.735973
20.98 0.735973
20.99 0.735973
21.0 0.735973
21.01 0.735973
21.02 0.735973
21.03 0.735973
21.04 0.735973
21.05 0.735973
21.06 0.735973
21.07 0.735973
21.08 0.735973
21.09 0.735973
21.1 0.735973
21.11 0.735973
21.12 0.735973
21.13 0.735973
21.14 0.735973
21.15 0.735973
21.16 0.735973
21.17 0.735973
21.18 0.735973
21.19 0.735973
21.2 0.735973
21.21 0.735973
21.22 0.735973
21.23 0.735973
21.24 0.735973
21.25 0.735973
21.26 0.735973
21.27 0.735973
21.28 0.735973
21.29 0.735973
21.3 0.735973
21.31 0.735973
21.32 0.735973
21.33 0.735973
21.34 0.735973
21.35 0.735973
21.36 0.735973
21.37 0.735973
21.38 0.735973
21.39 0.735973
21.4 0.735973
21.41 0.735973
21.42 0.735973
21.43 0.735973
21.44 0.735973
21.45 0.735973
21.46 0.735973
21.47 0.735973
21.48 0.735973
21.49 0.735973
21.5 0.735973
21.51 0.735973
21.52 0.735973
21.53 0.735973
21.54 0.735973
21.55 0.735973
21.56 0.735973
21.57 0.735973
21.58 0.735973
21.59 0.735973
21.6 0.735973
21.61 0.735973
21.62 0.735973
21.63 0.735973
21.64 0.735973
21.65 0.735973
21.66 0.735973
21.67 0.735973
21.68 0.735973
21.69 0.735973
21.7 0.735973
21.71 0.735973
21.72 0.735973
21.73 0.735973
21.74 0.735973
21.75 0.735973
21.76 0.735973
21.77 0.735973
21.78 0.735973
21.79 0.735973
21.8 0.735973
21.81 0.735973
21.82 0.735973
21.83 0.735973
21.84 0.735973
21.85 0.735973
21.86 0.735973
21.87 0.735973
21.88 0.735973
21.89 0.735973
21.9 0.735973
21.91 0.735973
21.92 0.735973
21.93 0.735973
21.94 0.735973
21.95 0.735973
21.96 0.735973
21.97 0.735973
21.98 0.735973
21.99 0.735973
22.0 0.735973
22.01 0.735973
22.02 0.735973
22.03 0.735973
22.04 0.735973
22.05 0.735973
22.06 0.735973
22.07 0.735973
22.08 0.735973
22.09 0.735973
22.1 0.735973
22.11 0.735973
22.12 0.735973
22.13 0.735973
22.14 0.735973
22.15 0.735973
22.16 0.735973
22.17 0.735973
22.18 0.735973
22.19 0.735973
22.2 0.735973
22.21 0.735973
22.22 0.735973
22.23 0.735973
22.24 0.735973
22.25 0.735973
22.26 0.735973
22.27 0.735973
22.28 0.735973
22.29 0.735973
22.3 0.735973
22.31 0.735973
22.32 0.735973
22.33 0.735973
22.34 0.735973
22.35 0.735973
22.36 0.735973
22.37 0.735973
22.38 0.735973
22.39 0.735973
22.4 0.735973
22.41 0.735973
22.42 0.735973
22.43 0.735973
22.44 0.735973
22.45 0.735973
22.46 0.735973
22.47 0.735973
22.48 0.735973
22.49 0.735973
22.5 0.735973
22.51 0.735973
22.52 0.735973
22.53 0.735973
22.54 0.735973
22.55 0.735973
22.56 0.735973
22.57 0.735973
22.58 0.735973
22.59 0.735973
22.6 0.735973
22.61 0.735973
22.62 0.735973
22.63 0.735973
22.64 0.735973
22.65 0.735973
22.66 0.735973
22.67 0.735973
22.68 0.735973
22.69 0.735973
22.7 0.735973
22.71 0.735973
22.72 0.735973
22.73 0.735973
22.74 0.735973
22.75 0.735973
22.76 0.735973
22.77 0.735973
22.78 0.735973
22.79 0.735973
22.8 0.735973
22.81 0.735973
22.82 0.735973
22.83 0.735973
22.84 0.735973
22.85 0.735973
22.86 0.735973
22.87 0.735973
22.88 0.735973
22.89 0.735973
22.9 0.735973
22.91 0.735973
22.92 0.735973
22.93 0.735973
22.94 0.735973
22.95 0.735973
22.96 0.735973
22.97 0.735973
22.98 0.735973
22.99 0.735973
23.0 0.735973
23.01 0.735973
23.02 0.735973
23.03 0.735973
23.04 0.735973
23.05 0.735973
23.06 0.735973
23.07 0.735973
23.08 0.735973
23.09 0.735973
23.1 0.735973
23.11 0.735973
23.12 0.735973
23.13 0.735973
23.14 0.735973
23.15 0.735973
23.16 0.735973
23.17 0.735973
23.18 0.735973
23.19 0.735973
23.2 0.735973
23.21 0.735973
23.22 0.735973
23.23 0.735973
23.24 0.735973
23.25 0.735973
23.26 0.735973
23.27 0.735973
23.28 0.735973
23.29 0.735973
23.3 0.735973
23.31 0.735973
23.32 0.735973
23.33 0.735973
23.34 0.735973
23.35 0.735973
23.36 0.735973
23.37 0.735973
23.38 0.735973
23.39 0.735973
23.4 0.735973
23.41 0.735973
23.42 0.735973
23.43 0.735973
23.44 0.735973
23.45 0.735973
23.46 0.735973
23.47 0.735973
23.48 0.735973
23.49 0.735973
23.5 0.735973
23.51 0.735973
23.52 0.735973
23.53 0.735973
23.54 0.735973
23.55 0.735973
23.56 0.735973
23.57 0.735973
23.58 0.735973
23.59 0.735973
23.6 0.735973
23.61 0.735973
23.62 0.735973
23.63 0.735973
23.64 0.735973
23.65 0.735973
23.66 0.735973
23.67 0.735973
23.68 0.735973
23.69 0.735973
23.7 0.735973
23.71 0.735973
23.72 0.735973
23.73 0.735973
23.74 0.735973
23.75 0.735973
23.76 0.735973
23.77 0.735973
23.78 0.735973
23.79 0.735973
23.8 0.735973
23.81 0.735973
23.82 0.735973
23.83 0.735973
23.84 0.735973
23.85 0.735973
23.86 0.735973
23.87 0.735973
23.88 0.735973
23.89 0.735973
23.9 0.735973
23.91 0.735973
23.92 0.735973
23.93 0.735973
23.94 0.735973
23.95 0.735973
23.96 0.735973
23.97 0.735973
23.98 0.735973
23.99 0.735973
24.0 0.735973
24.01 0.735973
24.02 0.735973
24.03 0.735973
24.04 0.735973
24.05 0.735973
24.06 0.735973
24.07 0.735973
24.08 0.735973
24.09 0.735973
24.1 0.735973
24.11 0.735973
24.12 0.735973
24.13 0.735973
24.14 0.735973
24.15 0.735973
24.16 0.735973
24.17 0.735973
24.18 0.735973
24.19 0.735973
24.2 0.735973
24.21 0.735973
24.22 0.735973
24.23 0.735973
24.24 0.735973
24.25 0.735973
24.26 0.735973
24.27 0.735973
24.28 0.735973
24.29 0.735973
24.3 0.735973
24.31 0.735973
24.32 0.735973
24.33 0.735973
24.34 0.735973
24.35 0.735973
24.36 0.735973
24.37 0.735973
24.38 0.735973
24.39 0.735973
24.4 0.735973
24.41 0.735973
24.42 0.735973
24.43 0.735973
24.44 0.735973
24.45 0.735973
24.46 0.735973
24.47 0.735973
24.48 0.735973
24.49 0.735973
24.5 0.735973
24.51 0.735973
24.52 0.735973
24.53 0.735973
24.54 0.735973
24.55 0.735973
24.56 0.735973
24.57 0.735973
24.58 0.735973
24.59 0.735973
24.6 0.735973
24.61 0.735973
24.62 0.735973
24.63 0.735973
24.64 0.735973
24.65 0.735973
24.66 0.735973
24.67 0.735973
24.68 0.735973
24.69 0.735973
24.7 0.735973
24.71 0.735973
24.72 0.735973
24.73 0.735973
24.74 0.735973
24.75 0.735973
24.76 0.735973
24.77 0.735973
24.78 0.735973
24.79 0.735973
24.8 0.735973
24.81 0.735973
24.82 0.735973
24.83 0.735973
24.84 0.735973
24.85 0.735973
24.86 0.735973
24.87 0.735973
24.88 0.735973
24.89 0.735973
24.9 0.735973
24.91 0.735973
24.92 0.735973
24.93 0.735973
24.94 0.735973
24.95 0.735973
24.96 0.735973
24.97 0.735973
24.98 0.735973
24.99 0.735973
25.0 0.735973
25.01 0.735973
25.02 0.735973
25.03 0.735973
25.04 0.735973
25.05 0.735973
25.06 0.735973
25.07 0.735973
25.08 0.735973
25.09 0.735973
25.1 0.735973
25.11 0.735973
25.12 0.735973
25.13 0.735973
25.14 0.735973
25.15 0.735973
25.16 0.735973
25.17 0.735973
25.18 0.735973
25.19 0.735973
25.2 0.735973
25.21 0.735973
25.22 0.735973
25.23 0.735973
25.24 0.735973
25.25 0.735973
25.26 0.735973
25.27 0.735973
25.28 0.735973
25.29 0.735973
25.3 0.735973
25.31 0.735973
25.32 0.735973
25.33 0.735973
25.34 0.735973
25.35 0.735973
25.36 0.735973
25.37 0.735973
25.38 0.735973
25.39 0.735973
25.4 0.735973
25.41 0.735973
25.42 0.735973
25.43 0.735973
25.44 0.735973
25.45 0.735973
25.46 0.735973
25.47 0.735973
25.48 0.735973
25.49 0.735973
25.5 0.735973
25.51 0.735973
25.52 0.735973
25.53 0.735973
25.54 0.735973
25.55 0.735973
25.56 0.735973
25.57 0.735973
25.58 0.735973
25.59 0.735973
25.6 0.735973
25.61 0.735973
25.62 0.735973
25.63 0.735973
25.64 0.735973
25.65 0.735973
25.66 0.735973
25.67 0.735973
25.68 0.735973
25.69 0.735973
25.7 0.735973
25.71 0.735973
25.72 0.735973
25.73 0.735973
25.74 0.735973
25.75 0.735973
25.76 0.735973
25.77 0.735973
25.78 0.735973
25.79 0.735973
25.8 0.735973
25.81 0.735973
25.82 0.735973
25.83 0.735973
25.84 0.735973
25.85 0.735973
25.86 0.735973
25.87 0.735973
25.88 0.735973
25.89 0.735973
25.9 0.735973
25.91 0.735973
25.92 0.735973
25.93 0.735973
25.94 0.735973
25.95 0.735973
25.96 0.735973
25.97 0.735973
25.98 0.735973
25.99 0.735973
26.0 0.735973
26.01 0.735973
26.02 0.735973
26.03 0.735973
26.04 0.735973
26.05 0.735973
26.06 0.735973
26.07 0.735973
26.08 0.735973
26.09 0.735973
26.1 0.735973
26.11 0.735973
26.12 0.735973
26.13 0.735973
26.14 0.735973
26.15 0.735973
26.16 0.735973
26.17 0.735973
26.18 0.735973
26.19 0.735973
26.2 0.735973
26.21 0.735973
26.22 0.735973
26.23 0.735973
26.24 0.735973
26.25 0.735973
26.26 0.735973
26.27 0.735973
26.28 0.735973
26.29 0.735973
26.3 0.735973
26.31 0.735973
26.32 0.735973
26.33 0.735973
26.34 0.735973
26.35 0.735973
26.36 0.735973
26.37 0.735973
26.38 0.735973
26.39 0.735973
26.4 0.735973
26.41 0.735973
26.42 0.735973
26.43 0.735973
26.44 0.735973
26.45 0.735973
26.46 0.735973
26.47 0.735973
26.48 0.735973
26.49 0.735973
26.5 0.735973
26.51 0.735973
26.52 0.735973
26.53 0.735973
26.54 0.735973
26.55 0.735973
26.56 0.735973
26.57 0.735973
26.58 0.735973
26.59 0.735973
26.6 0.735973
26.61 0.735973
26.62 0.735973
26.63 0.735973
26.64 0.735973
26.65 0.735973
26.66 0.735973
26.67 0.735973
26.68 0.735973
26.69 0.735973
26.7 0.735973
26.71 0.735973
26.72 0.735973
26.73 0.735973
26.74 0.735973
26.75 0.735973
26.76 0.735973
26.77 0.735973
26.78 0.735973
26.79 0.735973
26.8 0.735973
26.81 0.735973
26.82 0.735973
26.83 0.735973
26.84 0.735973
26.85 0.735973
26.86 0.735973
26.87 0.735973
26.88 0.735973
26.89 0.735973
26.9 0.735973
26.91 0.735973
26.92 0.735973
26.93 0.735973
26.94 0.735973
26.95 0.735973
26.96 0.735973
26.97 0.735973
26.98 0.735973
26.99 0.735973
27.0 0.735973
27.01 0.735973
27.02 0.735973
27.03 0.735973
27.04 0.735973
27.05 0.735973
27.06 0.735973
27.07 0.735973
27.08 0.735973
27.09 0.735973
27.1 0.735973
27.11 0.735973
27.12 0.735973
27.13 0.735973
27.14 0.735973
27.15 0.735973
27.16 0.735973
27.17 0.735973
27.18 0.735973
27.19 0.735973
27.2 0.735973
27.21 0.735973
27.22 0.735973
27.23 0.735973
27.24 0.735973
27.25 0.735973
27.26 0.735973
27.27 0.735973
27.28 0.735973
27.29 0.735973
27.3 0.735973
27.31 0.735973
27.32 0.735973
27.33 0.735973
27.34 0.735973
27.35 0.735973
27.36 0.735973
27.37 0.735973
27.38 0.735973
27.39 0.735973
27.4 0.735973
27.41 0.735973
27.42 0.735973
27.43 0.735973
27.44 0.735973
27.45 0.735973
27.46 0.735973
27.47 0.735973
27.48 0.735973
27.49 0.735973
27.5 0.735973
27.51 0.735973
27.52 0.735973
27.53 0.735973
27.54 0.735973
27.55 0.735973
27.56 0.735973
27.57 0.735973
27.58 0.735973
27.59 0.735973
27.6 0.735973
27.61 0.735973
27.62 0.735973
27.63 0.735973
27.64 0.735973
27.65 0.735973
27.66 0.735973
27.67 0.735973
27.68 0.735973
27.69 0.735973
27.7 0.735973
27.71 0.735973
27.72 0.735973
27.73 0.735973
27.74 0.735973
27.75 0.735973
27.76 0.735973
27.77 0.735973
27.78 0.735973
27.79 0.735973
27.8 0.735973
27.81 0.735973
27.82 0.735973
27.83 0.735973
27.84 0.735973
27.85 0.735973
27.86 0.735973
27.87 0.735973
27.88 0.735973
27.89 0.735973
27.9 0.735973
27.91 0.735973
27.92 0.735973
27.93 0.735973
27.94 0.735973
27.95 0.735973
27.96 0.735973
27.97 0.735973
27.98 0.735973
27.99 0.735973
28.0 0.735973
28.01 0.735973
28.02 0.735973
28.03 0.735973
28.04 0.735973
28.05 0.735973
28.06 0.735973
28.07 0.735973
28.08 0.735973
28.09 0.735973
28.1 0.735973
28.11 0.735973
28.12 0.735973
28.13 0.735973
28.14 0.735973
28.15 0.735973
28.16 0.735973
28.17 0.735973
28.18 0.735973
28.19 0.735973
28.2 0.735973
28.21 0.735973
28.22 0.735973
28.23 0.735973
28.24 0.735973
28.25 0.735973
28.26 0.735973
28.27 0.735973
28.28 0.735973
28.29 0.735973
28.3 0.735973
28.31 0.735973
28.32 0.735973
28.33 0.735973
28.34 0.735973
28.35 0.735973
28.36 0.735973
28.37 0.735973
28.38 0.735973
28.39 0.735973
28.4 0.735973
28.41 0.735973
28.42 0.735973
28.43 0.735973
28.44 0.735973
28.45 0.735973
28.46 0.735973
28.47 0.735973
28.48 0.735973
28.49 0.735973
28.5 0.735973
28.51 0.735973
28.52 0.735973
28.53 0.735973
28.54 0.735973
28.55 0.735973
28.56 0.735973
28.57 0.735973
28.58 0.735973
28.59 0.735973
28.6 0.735973
28.61 0.735973
28.62 0.735973
28.63 0.735973
28.64 0.735973
28.65 0.735973
28.66 0.735973
28.67 0.735973
28.68 0.735973
28.69 0.735973
28.7 0.735973
28.71 0.735973
28.72 0.735973
28.73 0.735973
28.74 0.735973
28.75 0.735973
28.76 0.735973
28.77 0.735973
28.78 0.735973
28.79 0.735973
28.8 0.735973
28.81 0.735973
28.82 0.735973
28.83 0.735973
28.84 0.735973
28.85 0.735973
28.86 0.735973
28.87 0.735973
28.88 0.735973
28.89 0.735973
28.9 0.735973
28.91 0.735973
28.92 0.735973
28.93 0.735973
28.94 0.735973
28.95 0.735973
28.96 0.735973
28.97 0.735973
28.98 0.735973
28.99 0.735973
29.0 0.735973
29.01 0.735973
29.02 0.735973
29.03 0.735973
29.04 0.735973
29.05 0.735973
29.06 0.735973
29.07 0.735973
29.08 0.735973
29.09 0.735973
29.1 0.735973
29.11 0.735973
29.12 0.735973
29.13 0.735973
29.14 0.735973
29.15 0.735973
29.16 0.735973
29.17 0.735973
29.18 0.735973
29.19 0.735973
29.2 0.735973
29.21 0.735973
29.22 0.735973
29.23 0.735973
29.24 0.735973
29.25 0.735973
29.26 0.735973
29.27 0.735973
29.28 0.735973
29.29 0.735973
29.3 0.735973
29.31 0.735973
29.32 0.735973
29.33 0.735973
29.34 0.735973
29.35 0.735973
29.36 0.735973
29.37 0.735973
29.38 0.735973
29.39 0.735973
29.4 0.735973
29.41 0.735973
29.42 0.735973
29.43 0.735973
29.44 0.735973
29.45 0.735973
29.46 0.735973
29.47 0.735973
29.48 0.735973
29.49 0.735973
29.5 0.735973
29.51 0.735973
29.52 0.735973
29.53 0.735973
29.54 0.735973
29.55 0.735973
29.56 0.735973
29.57 0.735973
29.58 0.735973
29.59 0.735973
29.6 0.735973
29.61 0.735973
29.62 0.735973
29.63 0.735973
29.64 0.735973
29.65 0.735973
29.66 0.735973
29.67 0.735973
29.68 0.735973
29.69 0.735973
29.7 0.735973
29.71 0.735973
29.72 0.735973
29.73 0.735973
29.74 0.735973
29.75 0.735973
29.76 0.735973
29.77 0.735973
29.78 0.735973
29.79 0.735973
29.8 0.735973
29.81 0.735973
29.82 0.735973
29.83 0.735973
29.84 0.735973
29.85 0.735973
29.86 0.735973
29.87 0.735973
29.88 0.735973
29.89 0.735973
29.9 0.735973
29.91 0.735973
29.92 0.735973
29.93 0.735973
29.94 0.735973
29.95 0.735973
29.96 0.735973
29.97 0.735973
29.98 0.735973
29.99 0.735973
30.0 0.735973
