1.600000e+00   0.000000e+00   
1.610000e+00   0.000000e+00   
1.620000e+00   0.000000e+00   
1.630000e+00   0.000000e+00   
1.640000e+00   0.000000e+00   
1.650000e+00   0.000000e+00   
1.660000e+00   0.000000e+00   
1.670000e+00   0.000000e+00   
1.680000e+00   0.000000e+00   
1.690000e+00   0.000000e+00   
1.700000e+00   0.000000e+00   
1.710000e+00   0.000000e+00   
1.720000e+00   0.000000e+00   
1.730000e+00   0.000000e+00   
1.740000e+00   0.000000e+00   
1.750000e+00   0.000000e+00   
1.760000e+00   0.000000e+00   
1.770000e+00   0.000000e+00   
1.780000e+00   0.000000e+00   
1.790000e+00   0.000000e+00   
1.800000e+00   0.000000e+00 
1.810000e+00   3.101214e-45   
1.820000e+00   5.982232e-45   
1.830000e+00   8.027921e-45   
1.840000e+00   9.783198e-45   
1.850000e+00   1.138824e-44   
1.860000e+00   1.290378e-44   
1.870000e+00   1.436232e-44   
1.880000e+00   1.578349e-44   
1.890000e+00   1.718017e-44   
1.900000e+00   1.856123e-44   
1.910000e+00   1.993313e-44   
1.920000e+00   2.130065e-44   
1.930000e+00   2.266749e-44   
1.940000e+00   2.403652e-44   
1.950000e+00   2.541007e-44   
1.960000e+00   2.678999e-44   
1.970000e+00   2.817782e-44   
1.980000e+00   2.957485e-44   
1.990000e+00   3.098213e-44   
2.000000e+00   3.240058e-44   
2.010000e+00   3.383098e-44   
2.020000e+00   3.527399e-44   
2.030000e+00   3.673020e-44   
2.040000e+00   3.820009e-44   
2.050000e+00   3.968412e-44   
2.060000e+00   4.118266e-44   
2.070000e+00   4.269607e-44   
2.080000e+00   4.422465e-44   
2.090000e+00   4.576866e-44   
2.100000e+00   4.732835e-44   
2.110000e+00   4.890393e-44   
2.120000e+00   5.049560e-44   
2.130000e+00   5.210354e-44   
2.140000e+00   5.372791e-44   
2.150000e+00   5.536883e-44   
2.160000e+00   5.702646e-44   
2.170000e+00   5.870091e-44   
2.180000e+00   6.039228e-44   
2.190000e+00   6.210067e-44   
2.200000e+00   6.382618e-44   
2.210000e+00   6.556890e-44   
2.220000e+00   6.732888e-44   
2.230000e+00   6.910621e-44   
2.240000e+00   7.090095e-44   
2.250000e+00   7.271316e-44   
2.260000e+00   7.454290e-44   
2.270000e+00   7.639021e-44   
2.280000e+00   7.825514e-44   
2.290000e+00   8.013775e-44   
2.300000e+00   8.203805e-44   
2.310000e+00   8.395610e-44   
2.320000e+00   8.589193e-44   
2.330000e+00   8.784558e-44   
2.340000e+00   8.981706e-44   
2.350000e+00   9.180641e-44   
2.360000e+00   9.381366e-44   
2.370000e+00   9.583882e-44   
2.380000e+00   9.788193e-44   
2.390000e+00   9.994300e-44   
2.400000e+00   1.020220e-43   
2.410000e+00   1.041191e-43   
2.420000e+00   1.062342e-43   
2.430000e+00   1.083673e-43   
2.440000e+00   1.105184e-43   
2.450000e+00   1.126876e-43   
2.460000e+00   1.148749e-43   
2.470000e+00   1.170803e-43   
2.480000e+00   1.193037e-43   
2.490000e+00   1.215453e-43   
2.500000e+00   1.238050e-43   
2.510000e+00   1.260828e-43   
2.520000e+00   1.283788e-43   
2.530000e+00   1.306928e-43   
2.540000e+00   1.330251e-43   
2.550000e+00   1.353755e-43   
2.560000e+00   1.377440e-43   
2.570000e+00   1.401307e-43   
2.580000e+00   1.425356e-43   
2.590000e+00   1.449587e-43   
2.600000e+00   1.473999e-43   
2.610000e+00   1.498594e-43   
2.620000e+00   1.523370e-43   
2.630000e+00   1.548328e-43   
2.640000e+00   1.573468e-43   
2.650000e+00   1.598790e-43   
2.660000e+00   1.624294e-43   
2.670000e+00   1.649980e-43   
2.680000e+00   1.675848e-43   
2.690000e+00   1.701898e-43   
2.700000e+00   1.728131e-43   
2.710000e+00   1.754545e-43   
2.720000e+00   1.781141e-43   
2.730000e+00   1.807920e-43   
2.740000e+00   1.834880e-43   
2.750000e+00   1.862023e-43   
2.760000e+00   1.889348e-43   
2.770000e+00   1.916855e-43   
2.780000e+00   1.944544e-43   
2.790000e+00   1.972415e-43   
2.800000e+00   2.000468e-43   
2.810000e+00   2.028703e-43   
2.820000e+00   2.057121e-43   
2.830000e+00   2.085720e-43   
2.840000e+00   2.114502e-43   
2.850000e+00   2.143465e-43   
2.860000e+00   2.172611e-43   
2.870000e+00   2.201939e-43   
2.880000e+00   2.231449e-43   
2.890000e+00   2.261140e-43   
2.900000e+00   2.291014e-43   
2.910000e+00   2.321070e-43   
2.920000e+00   2.351308e-43   
2.930000e+00   2.381728e-43   
2.940000e+00   2.412329e-43   
2.950000e+00   2.443113e-43   
2.960000e+00   2.474078e-43   
2.970000e+00   2.505226e-43   
2.980000e+00   2.536555e-43   
2.990000e+00   2.568066e-43   
3.000000e+00   2.599759e-43   
3.010000e+00   2.631634e-43   
3.020000e+00   2.663690e-43   
3.030000e+00   2.695928e-43   
3.040000e+00   2.728348e-43   
3.050000e+00   2.760950e-43   
3.060000e+00   2.793734e-43   
3.070000e+00   2.826699e-43   
3.080000e+00   2.859845e-43   
3.090000e+00   2.893173e-43   
3.100000e+00   2.926683e-43   
3.110000e+00   2.960375e-43   
3.120000e+00   2.994248e-43   
3.130000e+00   3.028302e-43   
3.140000e+00   3.062538e-43   
3.150000e+00   3.096955e-43   
3.160000e+00   3.131554e-43   
3.170000e+00   3.166334e-43   
3.180000e+00   3.201296e-43   
3.190000e+00   3.236439e-43   
3.200000e+00   3.271763e-43   
3.210000e+00   3.307268e-43   
3.220000e+00   3.342955e-43   
3.230000e+00   3.378823e-43   
3.240000e+00   3.414872e-43   
3.250000e+00   3.451102e-43   
3.260000e+00   3.487514e-43   
3.270000e+00   3.524106e-43   
3.280000e+00   3.560880e-43   
3.290000e+00   3.597834e-43   
3.300000e+00   3.634970e-43   
3.310000e+00   3.672286e-43   
3.320000e+00   3.709784e-43   
3.330000e+00   3.747462e-43   
3.340000e+00   3.785321e-43   
3.350000e+00   3.823362e-43   
3.360000e+00   3.861582e-43   
3.370000e+00   3.899984e-43   
3.380000e+00   3.938567e-43   
3.390000e+00   3.977330e-43   
3.400000e+00   4.016273e-43   
3.410000e+00   4.055398e-43   
3.420000e+00   4.094703e-43   
3.430000e+00   4.134189e-43   
3.440000e+00   4.173855e-43   
3.450000e+00   4.213701e-43   
3.460000e+00   4.253729e-43   
3.470000e+00   4.293936e-43   
3.480000e+00   4.334324e-43   
3.490000e+00   4.374893e-43   
3.500000e+00   4.415641e-43   
3.510000e+00   4.456570e-43   
3.520000e+00   4.497680e-43   
3.530000e+00   4.538969e-43   
3.540000e+00   4.580439e-43   
3.550000e+00   4.622089e-43   
3.560000e+00   4.663919e-43   
3.570000e+00   4.705929e-43   
3.580000e+00   4.748120e-43   
3.590000e+00   4.790490e-43   
3.600000e+00   4.833040e-43   
3.610000e+00   4.875770e-43   
3.620000e+00   4.918680e-43   
3.630000e+00   4.961770e-43   
3.640000e+00   5.005040e-43   
3.650000e+00   5.048490e-43   
3.660000e+00   5.092120e-43   
3.670000e+00   5.135929e-43   
3.680000e+00   5.179918e-43   
3.690000e+00   5.224086e-43   
3.700000e+00   5.268435e-43   
3.710000e+00   5.312963e-43   
3.720000e+00   5.357670e-43   
3.730000e+00   5.402557e-43   
3.740000e+00   5.447624e-43   
3.750000e+00   5.492870e-43   
3.760000e+00   5.538295e-43   
3.770000e+00   5.583900e-43   
3.780000e+00   5.629684e-43   
3.790000e+00   5.675648e-43   
3.800000e+00   5.721790e-43   
3.810000e+00   5.768112e-43   
3.820000e+00   5.814614e-43   
3.830000e+00   5.861294e-43   
3.840000e+00   5.908154e-43   
3.850000e+00   5.955192e-43   
3.860000e+00   6.002410e-43   
3.870000e+00   6.049807e-43   
3.880000e+00   6.097383e-43   
3.890000e+00   6.145137e-43   
3.900000e+00   6.193071e-43   
3.910000e+00   6.241184e-43   
3.920000e+00   6.289475e-43   
3.930000e+00   6.337945e-43   
3.940000e+00   6.386594e-43   
3.950000e+00   6.435422e-43   
3.960000e+00   6.484429e-43   
3.970000e+00   6.533614e-43   
3.980000e+00   6.582978e-43   
3.990000e+00   6.632520e-43   
4.000000e+00   6.682241e-43   
4.010000e+00   6.732140e-43   
4.020000e+00   6.782218e-43   
4.030000e+00   6.832475e-43   
4.040000e+00   6.882910e-43   
4.050000e+00   6.933523e-43   
4.060000e+00   6.984314e-43   
4.070000e+00   7.035284e-43   
4.080000e+00   7.086432e-43   
4.090000e+00   7.137759e-43   
4.100000e+00   7.189263e-43   
4.110000e+00   7.240946e-43   
4.120000e+00   7.292807e-43   
4.130000e+00   7.344846e-43   
4.140000e+00   7.397063e-43   
4.150000e+00   7.449458e-43   
4.160000e+00   7.502031e-43   
4.170000e+00   7.554782e-43   
4.180000e+00   7.607711e-43   
4.190000e+00   7.660817e-43   
4.200000e+00   7.714102e-43   
4.210000e+00   7.767564e-43   
4.220000e+00   7.821204e-43   
4.230000e+00   7.875022e-43   
4.240000e+00   7.929018e-43   
4.250000e+00   7.983191e-43   
4.260000e+00   8.037541e-43   
4.270000e+00   8.092070e-43   
4.280000e+00   8.146776e-43   
4.290000e+00   8.201659e-43   
4.300000e+00   8.256720e-43   
4.310000e+00   8.311958e-43   
4.320000e+00   8.367374e-43   
4.330000e+00   8.422967e-43   
4.340000e+00   8.478737e-43   
4.350000e+00   8.534684e-43   
4.360000e+00   8.590809e-43   
4.370000e+00   8.647111e-43   
4.380000e+00   8.703591e-43   
4.390000e+00   8.760247e-43   
4.400000e+00   8.817080e-43   
4.410000e+00   8.874091e-43   
4.420000e+00   8.931278e-43   
4.430000e+00   8.988643e-43   
4.440000e+00   9.046184e-43   
4.450000e+00   9.103902e-43   
4.460000e+00   9.161798e-43   
4.470000e+00   9.219870e-43   
4.480000e+00   9.278118e-43   
4.490000e+00   9.336544e-43   
4.500000e+00   9.395146e-43   
4.510000e+00   9.453925e-43   
4.520000e+00   9.512881e-43   
4.530000e+00   9.572013e-43   
4.540000e+00   9.631322e-43   
4.550000e+00   9.690808e-43   
4.560000e+00   9.750469e-43   
4.570000e+00   9.810308e-43   
4.580000e+00   9.870323e-43   
4.590000e+00   9.930514e-43   
4.600000e+00   9.990881e-43   
4.610000e+00   1.005143e-42   
4.620000e+00   1.011215e-42   
4.630000e+00   1.017304e-42   
4.640000e+00   1.023411e-42   
4.650000e+00   1.029536e-42   
4.660000e+00   1.035679e-42   
4.670000e+00   1.041839e-42   
4.680000e+00   1.048017e-42   
4.690000e+00   1.054212e-42   
4.700000e+00   1.060425e-42   
4.710000e+00   1.066655e-42   
4.720000e+00   1.072903e-42   
4.730000e+00   1.079169e-42   
4.740000e+00   1.085452e-42   
4.750000e+00   1.091753e-42   
4.760000e+00   1.098072e-42   
4.770000e+00   1.104408e-42   
4.780000e+00   1.110761e-42   
4.790000e+00   1.117132e-42   
4.800000e+00   1.123521e-42   
4.810000e+00   1.129927e-42   
4.820000e+00   1.136351e-42   
4.830000e+00   1.142792e-42   
4.840000e+00   1.149251e-42   
4.850000e+00   1.155728e-42   
4.860000e+00   1.162222e-42   
4.870000e+00   1.168733e-42   
4.880000e+00   1.175262e-42   
4.890000e+00   1.181809e-42   
4.900000e+00   1.188373e-42   
4.910000e+00   1.194954e-42   
4.920000e+00   1.201554e-42   
4.930000e+00   1.208170e-42   
4.940000e+00   1.214804e-42   
4.950000e+00   1.221456e-42   
4.960000e+00   1.228125e-42   
4.970000e+00   1.234812e-42   
4.980000e+00   1.241516e-42   
4.990000e+00   1.248238e-42   
5.000000e+00   1.254977e-42   
5.010000e+00   1.261733e-42   
5.020000e+00   1.268508e-42   
5.030000e+00   1.275299e-42   
5.040000e+00   1.282108e-42   
5.050000e+00   1.288935e-42   
5.060000e+00   1.295779e-42   
5.070000e+00   1.302640e-42   
5.080000e+00   1.309519e-42   
5.090000e+00   1.316415e-42   
5.100000e+00   1.323329e-42   
5.110000e+00   1.330260e-42   
5.120000e+00   1.337209e-42   
5.130000e+00   1.344175e-42   
5.140000e+00   1.351159e-42   
5.150000e+00   1.358160e-42   
5.160000e+00   1.365178e-42   
5.170000e+00   1.372214e-42   
5.180000e+00   1.379267e-42   
5.190000e+00   1.386338e-42   
5.200000e+00   1.393426e-42   
5.210000e+00   1.400532e-42   
5.220000e+00   1.407655e-42   
5.230000e+00   1.414795e-42   
5.240000e+00   1.421953e-42   
5.250000e+00   1.429128e-42   
5.260000e+00   1.436320e-42   
5.270000e+00   1.443530e-42   
5.280000e+00   1.450758e-42   
5.290000e+00   1.458002e-42   
5.300000e+00   1.465264e-42   
5.310000e+00   1.472544e-42   
5.320000e+00   1.479840e-42   
5.330000e+00   1.487155e-42   
5.340000e+00   1.494486e-42   
5.350000e+00   1.501835e-42   
5.360000e+00   1.509201e-42   
5.370000e+00   1.516585e-42   
5.380000e+00   1.523986e-42   
5.390000e+00   1.531404e-42   
5.400000e+00   1.538840e-42   
5.410000e+00   1.546292e-42   
5.420000e+00   1.553763e-42   
5.430000e+00   1.561250e-42   
5.440000e+00   1.568755e-42   
5.450000e+00   1.576277e-42   
5.460000e+00   1.583817e-42   
5.470000e+00   1.591374e-42   
5.480000e+00   1.598948e-42   
5.490000e+00   1.606540e-42   
5.500000e+00   1.614148e-42   
5.510000e+00   1.621774e-42   
5.520000e+00   1.629418e-42   
5.530000e+00   1.637079e-42   
5.540000e+00   1.644757e-42   
5.550000e+00   1.652452e-42   
5.560000e+00   1.660164e-42   
5.570000e+00   1.667894e-42   
5.580000e+00   1.675641e-42   
5.590000e+00   1.683406e-42   
5.600000e+00   1.691187e-42   
5.610000e+00   1.698986e-42   
5.620000e+00   1.706802e-42   
5.630000e+00   1.714636e-42   
5.640000e+00   1.722486e-42   
5.650000e+00   1.730354e-42   
5.660000e+00   1.738239e-42   
5.670000e+00   1.746142e-42   
5.680000e+00   1.754061e-42   
5.690000e+00   1.761998e-42   
5.700000e+00   1.769952e-42   
5.710000e+00   1.777923e-42   
5.720000e+00   1.785912e-42   
5.730000e+00   1.793918e-42   
5.740000e+00   1.801941e-42   
5.750000e+00   1.809981e-42   
5.760000e+00   1.818038e-42   
5.770000e+00   1.826113e-42   
5.780000e+00   1.834204e-42   
5.790000e+00   1.842313e-42   
5.800000e+00   1.850440e-42   
5.810000e+00   1.858583e-42   
5.820000e+00   1.866743e-42   
5.830000e+00   1.874921e-42   
5.840000e+00   1.883116e-42   
5.850000e+00   1.891328e-42   
5.860000e+00   1.899557e-42   
5.870000e+00   1.907804e-42   
5.880000e+00   1.916067e-42   
5.890000e+00   1.924348e-42   
5.900000e+00   1.932646e-42   
5.910000e+00   1.940961e-42   
5.920000e+00   1.949293e-42   
5.930000e+00   1.957642e-42   
5.940000e+00   1.966009e-42   
5.950000e+00   1.974392e-42   
5.960000e+00   1.982793e-42   
5.970000e+00   1.991211e-42   
5.980000e+00   1.999646e-42   
5.990000e+00   2.008098e-42   
6.000000e+00   2.016567e-42   
6.010000e+00   2.025054e-42   
6.020000e+00   2.033557e-42   
6.030000e+00   2.042078e-42   
6.040000e+00   2.050615e-42   
6.050000e+00   2.059170e-42   
6.060000e+00   2.067742e-42   
6.070000e+00   2.076331e-42   
6.080000e+00   2.084937e-42   
6.090000e+00   2.093560e-42   
6.100000e+00   2.102200e-42   
6.110000e+00   2.110858e-42   
6.120000e+00   2.119532e-42   
6.130000e+00   2.128223e-42   
6.140000e+00   2.136932e-42   
6.150000e+00   2.145657e-42   
6.160000e+00   2.154400e-42   
6.170000e+00   2.163160e-42   
6.180000e+00   2.171936e-42   
6.190000e+00   2.180730e-42   
6.200000e+00   2.189541e-42   
6.210000e+00   2.198369e-42   
6.220000e+00   2.207214e-42   
6.230000e+00   2.216076e-42   
6.240000e+00   2.224955e-42   
6.250000e+00   2.233851e-42   
6.260000e+00   2.242764e-42   
6.270000e+00   2.251694e-42   
6.280000e+00   2.260641e-42   
6.290000e+00   2.269605e-42   
6.300000e+00   2.278586e-42   
6.310000e+00   2.287584e-42   
6.320000e+00   2.296599e-42   
6.330000e+00   2.305631e-42   
6.340000e+00   2.314680e-42   
6.350000e+00   2.323746e-42   
6.360000e+00   2.332829e-42   
6.370000e+00   2.341929e-42   
6.380000e+00   2.351046e-42   
6.390000e+00   2.360180e-42   
6.400000e+00   2.369331e-42   
6.410000e+00   2.378499e-42   
6.420000e+00   2.387684e-42   
6.430000e+00   2.396886e-42   
6.440000e+00   2.406105e-42   
6.450000e+00   2.415340e-42   
6.460000e+00   2.424593e-42   
6.470000e+00   2.433863e-42   
6.480000e+00   2.443149e-42   
6.490000e+00   2.452453e-42   
6.500000e+00   2.461773e-42   
6.510000e+00   2.471111e-42   
6.520000e+00   2.480465e-42   
6.530000e+00   2.489836e-42   
6.540000e+00   2.499224e-42   
6.550000e+00   2.508629e-42   
6.560000e+00   2.518051e-42   
6.570000e+00   2.527490e-42   
6.580000e+00   2.536946e-42   
6.590000e+00   2.546419e-42   
6.600000e+00   2.555908e-42   
6.610000e+00   2.565415e-42   
6.620000e+00   2.574938e-42   
6.630000e+00   2.584478e-42   
6.640000e+00   2.594036e-42   
6.650000e+00   2.603610e-42   
6.660000e+00   2.613201e-42   
6.670000e+00   2.622808e-42   
6.680000e+00   2.632433e-42   
6.690000e+00   2.642074e-42   
6.700000e+00   2.651733e-42   
6.710000e+00   2.661408e-42   
6.720000e+00   2.671100e-42   
6.730000e+00   2.680809e-42   
6.740000e+00   2.690535e-42   
6.750000e+00   2.700278e-42   
6.760000e+00   2.710037e-42   
6.770000e+00   2.719813e-42   
6.780000e+00   2.729606e-42   
6.790000e+00   2.739416e-42   
6.800000e+00   2.749243e-42   
6.810000e+00   2.759087e-42   
6.820000e+00   2.768947e-42   
6.830000e+00   2.778824e-42   
6.840000e+00   2.788719e-42   
6.850000e+00   2.798629e-42   
6.860000e+00   2.808557e-42   
6.870000e+00   2.818502e-42   
6.880000e+00   2.828463e-42   
6.890000e+00   2.838441e-42   
6.900000e+00   2.848436e-42   
6.910000e+00   2.858447e-42   
6.920000e+00   2.868476e-42   
6.930000e+00   2.878521e-42   
6.940000e+00   2.888583e-42   
6.950000e+00   2.898662e-42   
6.960000e+00   2.908757e-42   
6.970000e+00   2.918869e-42   
6.980000e+00   2.928998e-42   
6.990000e+00   2.939144e-42   
7.000000e+00   2.949307e-42   
7.010000e+00   2.959486e-42   
7.020000e+00   2.969682e-42   
7.030000e+00   2.979895e-42   
7.040000e+00   2.990124e-42   
7.050000e+00   3.000370e-42   
7.060000e+00   3.010633e-42   
7.070000e+00   3.020913e-42   
7.080000e+00   3.031209e-42   
7.090000e+00   3.041522e-42   
7.100000e+00   3.051852e-42   
7.110000e+00   3.062199e-42   
7.120000e+00   3.072562e-42   
7.130000e+00   3.082942e-42   
7.140000e+00   3.093339e-42   
7.150000e+00   3.103752e-42   
7.160000e+00   3.114182e-42   
7.170000e+00   3.124629e-42   
7.180000e+00   3.135092e-42   
7.190000e+00   3.145572e-42   
7.200000e+00   3.156069e-42   
7.210000e+00   3.166583e-42   
7.220000e+00   3.177113e-42   
7.230000e+00   3.187659e-42   
7.240000e+00   3.198223e-42   
7.250000e+00   3.208803e-42   
7.260000e+00   3.219400e-42   
7.270000e+00   3.230013e-42   
7.280000e+00   3.240643e-42   
7.290000e+00   3.251290e-42   
7.300000e+00   3.261953e-42   
7.310000e+00   3.272633e-42   
7.320000e+00   3.283330e-42   
7.330000e+00   3.294043e-42   
7.340000e+00   3.304773e-42   
7.350000e+00   3.315520e-42   
7.360000e+00   3.326283e-42   
7.370000e+00   3.337063e-42   
7.380000e+00   3.347859e-42   
7.390000e+00   3.358672e-42   
7.400000e+00   3.369502e-42   
7.410000e+00   3.380348e-42   
7.420000e+00   3.391211e-42   
7.430000e+00   3.402090e-42   
7.440000e+00   3.412986e-42   
7.450000e+00   3.423899e-42   
7.460000e+00   3.434828e-42   
7.470000e+00   3.445773e-42   
7.480000e+00   3.456736e-42   
7.490000e+00   3.467715e-42   
7.500000e+00   3.478710e-42   
7.510000e+00   3.489722e-42   
7.520000e+00   3.500751e-42   
7.530000e+00   3.511796e-42   
7.540000e+00   3.522857e-42   
7.550000e+00   3.533936e-42   
7.560000e+00   3.545030e-42   
7.570000e+00   3.556142e-42   
7.580000e+00   3.567270e-42   
7.590000e+00   3.578414e-42   
7.600000e+00   3.589575e-42   
7.610000e+00   3.600752e-42   
7.620000e+00   3.611946e-42   
7.630000e+00   3.623157e-42   
7.640000e+00   3.634384e-42   
7.650000e+00   3.645627e-42   
7.660000e+00   3.656887e-42   
7.670000e+00   3.668164e-42   
7.680000e+00   3.679457e-42   
7.690000e+00   3.690767e-42   
7.700000e+00   3.702093e-42   
7.710000e+00   3.713435e-42   
7.720000e+00   3.724794e-42   
7.730000e+00   3.736170e-42   
7.740000e+00   3.747562e-42   
7.750000e+00   3.758970e-42   
7.760000e+00   3.770395e-42   
7.770000e+00   3.781837e-42   
7.780000e+00   3.793295e-42   
7.790000e+00   3.804769e-42   
7.800000e+00   3.816260e-42   
7.810000e+00   3.827767e-42   
7.820000e+00   3.839291e-42   
7.830000e+00   3.850831e-42   
7.840000e+00   3.862388e-42   
7.850000e+00   3.873961e-42   
7.860000e+00   3.885550e-42   
7.870000e+00   3.897156e-42   
7.880000e+00   3.908778e-42   
7.890000e+00   3.920417e-42   
7.900000e+00   3.932073e-42   
7.910000e+00   3.943744e-42   
7.920000e+00   3.955432e-42   
7.930000e+00   3.967137e-42   
7.940000e+00   3.978858e-42   
7.950000e+00   3.990595e-42   
7.960000e+00   4.002349e-42   
7.970000e+00   4.014119e-42   
7.980000e+00   4.025905e-42   
7.990000e+00   4.037708e-42   
8.000000e+00   4.049527e-42   
8.010000e+00   4.061363e-42   
8.020000e+00   4.073215e-42   
8.030000e+00   4.085083e-42   
8.040000e+00   4.096968e-42   
8.050000e+00   4.108869e-42   
8.060000e+00   4.120787e-42   
8.070000e+00   4.132720e-42   
8.080000e+00   4.144671e-42   
8.090000e+00   4.156637e-42   
8.100000e+00   4.168620e-42   
8.110000e+00   4.180619e-42   
8.120000e+00   4.192635e-42   
8.130000e+00   4.204667e-42   
8.140000e+00   4.216715e-42   
8.150000e+00   4.228780e-42   
8.160000e+00   4.240861e-42   
8.170000e+00   4.252958e-42   
8.180000e+00   4.265072e-42   
8.190000e+00   4.277202e-42   
8.200000e+00   4.289348e-42   
8.210000e+00   4.301510e-42   
8.220000e+00   4.313689e-42   
8.230000e+00   4.325884e-42   
8.240000e+00   4.338096e-42   
8.250000e+00   4.350324e-42   
8.260000e+00   4.362568e-42   
8.270000e+00   4.374828e-42   
8.280000e+00   4.387105e-42   
8.290000e+00   4.399398e-42   
8.300000e+00   4.411707e-42   
8.310000e+00   4.424032e-42   
8.320000e+00   4.436374e-42   
8.330000e+00   4.448732e-42   
8.340000e+00   4.461106e-42   
8.350000e+00   4.473497e-42   
8.360000e+00   4.485903e-42   
8.370000e+00   4.498326e-42   
8.380000e+00   4.510766e-42   
8.390000e+00   4.523221e-42   
8.400000e+00   4.535693e-42   
8.410000e+00   4.548181e-42   
8.420000e+00   4.560685e-42   
8.430000e+00   4.573206e-42   
8.440000e+00   4.585742e-42   
8.450000e+00   4.598295e-42   
8.460000e+00   4.610864e-42   
8.470000e+00   4.623450e-42   
8.480000e+00   4.636051e-42   
8.490000e+00   4.648669e-42   
8.500000e+00   4.661303e-42   
8.510000e+00   4.673953e-42   
8.520000e+00   4.686620e-42   
8.530000e+00   4.699302e-42   
8.540000e+00   4.712001e-42   
8.550000e+00   4.724716e-42   
8.560000e+00   4.737447e-42   
8.570000e+00   4.750194e-42   
8.580000e+00   4.762958e-42   
8.590000e+00   4.775738e-42   
8.600000e+00   4.788533e-42   
8.610000e+00   4.801345e-42   
8.620000e+00   4.814174e-42   
8.630000e+00   4.827018e-42   
8.640000e+00   4.839878e-42   
8.650000e+00   4.852755e-42   
8.660000e+00   4.865648e-42   
8.670000e+00   4.878557e-42   
8.680000e+00   4.891482e-42   
8.690000e+00   4.904423e-42   
8.700000e+00   4.917380e-42   
8.710000e+00   4.930354e-42   
8.720000e+00   4.943343e-42   
8.730000e+00   4.956349e-42   
8.740000e+00   4.969371e-42   
8.750000e+00   4.982409e-42   
8.760000e+00   4.995463e-42   
8.770000e+00   5.008533e-42   
8.780000e+00   5.021619e-42   
8.790000e+00   5.034722e-42   
8.800000e+00   5.047840e-42   
8.810000e+00   5.060975e-42   
8.820000e+00   5.074125e-42   
8.830000e+00   5.087292e-42   
8.840000e+00   5.100475e-42   
8.850000e+00   5.113674e-42   
8.860000e+00   5.126889e-42   
8.870000e+00   5.140120e-42   
8.880000e+00   5.153367e-42   
8.890000e+00   5.166630e-42   
8.900000e+00   5.179909e-42   
8.910000e+00   5.193204e-42   
8.920000e+00   5.206516e-42   
8.930000e+00   5.219843e-42   
8.940000e+00   5.233187e-42   
8.950000e+00   5.246546e-42   
8.960000e+00   5.259922e-42   
8.970000e+00   5.273313e-42   
8.980000e+00   5.286721e-42   
8.990000e+00   5.300144e-42   
9.000000e+00   5.313584e-42   
9.010000e+00   5.327040e-42   
9.020000e+00   5.340511e-42   
9.030000e+00   5.353999e-42   
9.040000e+00   5.367503e-42   
9.050000e+00   5.381022e-42   
9.060000e+00   5.394558e-42   
9.070000e+00   5.408110e-42   
9.080000e+00   5.421677e-42   
9.090000e+00   5.435261e-42   
9.100000e+00   5.448861e-42   
9.110000e+00   5.462476e-42   
9.120000e+00   5.476108e-42   
9.130000e+00   5.489756e-42   
9.140000e+00   5.503419e-42   
9.150000e+00   5.517099e-42   
9.160000e+00   5.530794e-42   
9.170000e+00   5.544506e-42   
9.180000e+00   5.558233e-42   
9.190000e+00   5.571977e-42   
9.200000e+00   5.585736e-42   
9.210000e+00   5.599511e-42   
9.220000e+00   5.613303e-42   
9.230000e+00   5.627110e-42   
9.240000e+00   5.640933e-42   
9.250000e+00   5.654772e-42   
9.260000e+00   5.668627e-42   
9.270000e+00   5.682498e-42   
9.280000e+00   5.696385e-42   
9.290000e+00   5.710288e-42   
9.300000e+00   5.724206e-42   
9.310000e+00   5.738141e-42   
9.320000e+00   5.752091e-42   
9.330000e+00   5.766058e-42   
9.340000e+00   5.780040e-42   
9.350000e+00   5.794038e-42   
9.360000e+00   5.808052e-42   
9.370000e+00   5.822082e-42   
9.380000e+00   5.836128e-42   
9.390000e+00   5.850190e-42   
9.400000e+00   5.864268e-42   
9.410000e+00   5.878361e-42   
9.420000e+00   5.892471e-42   
9.430000e+00   5.906596e-42   
9.440000e+00   5.920737e-42   
9.450000e+00   5.934894e-42   
9.460000e+00   5.949067e-42   
9.470000e+00   5.963256e-42   
9.480000e+00   5.977460e-42   
9.490000e+00   5.991681e-42   
9.500000e+00   6.005917e-42   
9.510000e+00   6.020169e-42   
9.520000e+00   6.034437e-42   
9.530000e+00   6.048721e-42   
9.540000e+00   6.063020e-42   
9.550000e+00   6.077336e-42   
9.560000e+00   6.091667e-42   
9.570000e+00   6.106014e-42   
9.580000e+00   6.120377e-42   
9.590000e+00   6.134755e-42   
9.600000e+00   6.149150e-42   
9.610000e+00   6.163560e-42   
9.620000e+00   6.177986e-42   
9.630000e+00   6.192428e-42   
9.640000e+00   6.206886e-42   
9.650000e+00   6.221359e-42   
9.660000e+00   6.235848e-42   
9.670000e+00   6.250354e-42   
9.680000e+00   6.264874e-42   
9.690000e+00   6.279411e-42   
9.700000e+00   6.293963e-42   
9.710000e+00   6.308531e-42   
9.720000e+00   6.323115e-42   
9.730000e+00   6.337715e-42   
9.740000e+00   6.352330e-42   
9.750000e+00   6.366962e-42   
9.760000e+00   6.381608e-42   
9.770000e+00   6.396271e-42   
9.780000e+00   6.410950e-42   
9.790000e+00   6.425644e-42   
9.800000e+00   6.440354e-42   
9.810000e+00   6.455079e-42   
9.820000e+00   6.469820e-42   
9.830000e+00   6.484578e-42   
9.840000e+00   6.499350e-42   
9.850000e+00   6.514139e-42   
9.860000e+00   6.528943e-42   
9.870000e+00   6.543763e-42   
9.880000e+00   6.558599e-42   
9.890000e+00   6.573450e-42   
9.900000e+00   6.588317e-42   
9.910000e+00   6.603200e-42   
9.920000e+00   6.618098e-42   
9.930000e+00   6.633012e-42   
9.940000e+00   6.647942e-42   
9.950000e+00   6.662887e-42   
9.960000e+00   6.677849e-42   
9.970000e+00   6.692825e-42   
9.980000e+00   6.707818e-42   
9.990000e+00   6.722826e-42   
1.000000e+01   6.737850e-42   
1.001000e+01   6.752889e-42   
1.002000e+01   6.767945e-42   
1.003000e+01   6.783015e-42   
1.004000e+01   6.798102e-42   
1.005000e+01   6.813204e-42   
1.006000e+01   6.828322e-42   
1.007000e+01   6.843455e-42   
1.008000e+01   6.858604e-42   
1.009000e+01   6.873769e-42   
1.010000e+01   6.888949e-42   
1.011000e+01   6.904145e-42   
1.012000e+01   6.919356e-42   
1.013000e+01   6.934583e-42   
1.014000e+01   6.949826e-42   
1.015000e+01   6.965084e-42   
1.016000e+01   6.980358e-42   
1.017000e+01   6.995648e-42   
1.018000e+01   7.010953e-42   
1.019000e+01   7.026274e-42   
1.020000e+01   7.041610e-42   
1.021000e+01   7.056962e-42   
1.022000e+01   7.072330e-42   
1.023000e+01   7.087713e-42   
1.024000e+01   7.103111e-42   
1.025000e+01   7.118526e-42   
1.026000e+01   7.133955e-42   
1.027000e+01   7.149401e-42   
1.028000e+01   7.164862e-42   
1.029000e+01   7.180338e-42   
1.030000e+01   7.195830e-42   
1.031000e+01   7.211338e-42   
1.032000e+01   7.226861e-42   
1.033000e+01   7.242400e-42   
1.034000e+01   7.257954e-42   
1.035000e+01   7.273524e-42   
1.036000e+01   7.289109e-42   
1.037000e+01   7.304710e-42   
1.038000e+01   7.320326e-42   
1.039000e+01   7.335958e-42   
1.040000e+01   7.351606e-42   
1.041000e+01   7.367268e-42   
1.042000e+01   7.382947e-42   
1.043000e+01   7.398641e-42   
1.044000e+01   7.414350e-42   
1.045000e+01   7.430075e-42   
1.046000e+01   7.445816e-42   
1.047000e+01   7.461572e-42   
1.048000e+01   7.477343e-42   
1.049000e+01   7.493130e-42   
1.050000e+01   7.508932e-42   
1.051000e+01   7.524750e-42   
1.052000e+01   7.540584e-42   
1.053000e+01   7.556432e-42   
1.054000e+01   7.572297e-42   
1.055000e+01   7.588176e-42   
1.056000e+01   7.604072e-42   
1.057000e+01   7.619982e-42   
1.058000e+01   7.635908e-42   
1.059000e+01   7.651850e-42   
1.060000e+01   7.667807e-42   
1.061000e+01   7.683780e-42   
1.062000e+01   7.699768e-42   
1.063000e+01   7.715771e-42   
1.064000e+01   7.731790e-42   
1.065000e+01   7.747824e-42   
1.066000e+01   7.763873e-42   
1.067000e+01   7.779939e-42   
1.068000e+01   7.796019e-42   
1.069000e+01   7.812115e-42   
1.070000e+01   7.828226e-42   
1.071000e+01   7.844353e-42   
1.072000e+01   7.860495e-42   
1.073000e+01   7.876653e-42   
1.074000e+01   7.892826e-42   
1.075000e+01   7.909014e-42   
1.076000e+01   7.925218e-42   
1.077000e+01   7.941437e-42   
1.078000e+01   7.957671e-42   
1.079000e+01   7.973921e-42   
1.080000e+01   7.990186e-42   
1.081000e+01   8.006467e-42   
1.082000e+01   8.022763e-42   
1.083000e+01   8.039074e-42   
1.084000e+01   8.055401e-42   
1.085000e+01   8.071743e-42   
1.086000e+01   8.088100e-42   
1.087000e+01   8.104473e-42   
1.088000e+01   8.120861e-42   
1.089000e+01   8.137264e-42   
1.090000e+01   8.153683e-42   
1.091000e+01   8.170117e-42   
1.092000e+01   8.186567e-42   
1.093000e+01   8.203032e-42   
1.094000e+01   8.219512e-42   
1.095000e+01   8.236007e-42   
1.096000e+01   8.252518e-42   
1.097000e+01   8.269044e-42   
1.098000e+01   8.285585e-42   
1.099000e+01   8.302142e-42   
1.100000e+01   8.318714e-42   
1.101000e+01   8.335301e-42   
1.102000e+01   8.351904e-42   
1.103000e+01   8.368522e-42   
1.104000e+01   8.385155e-42   
1.105000e+01   8.401803e-42   
1.106000e+01   8.418467e-42   
1.107000e+01   8.435146e-42   
1.108000e+01   8.451840e-42   
1.109000e+01   8.468550e-42   
1.110000e+01   8.485275e-42   
1.111000e+01   8.502015e-42   
1.112000e+01   8.518770e-42   
1.113000e+01   8.535541e-42   
1.114000e+01   8.552326e-42   
1.115000e+01   8.569128e-42   
1.116000e+01   8.585944e-42   
1.117000e+01   8.602775e-42   
1.118000e+01   8.619622e-42   
1.119000e+01   8.636484e-42   
1.120000e+01   8.653362e-42   
1.121000e+01   8.670254e-42   
1.122000e+01   8.687162e-42   
1.123000e+01   8.704085e-42   
1.124000e+01   8.721023e-42   
1.125000e+01   8.737976e-42   
1.126000e+01   8.754945e-42   
1.127000e+01   8.771929e-42   
1.128000e+01   8.788928e-42   
1.129000e+01   8.805942e-42   
1.130000e+01   8.822972e-42   
1.131000e+01   8.840016e-42   
1.132000e+01   8.857076e-42   
1.133000e+01   8.874151e-42   
1.134000e+01   8.891241e-42   
1.135000e+01   8.908346e-42   
1.136000e+01   8.925467e-42   
1.137000e+01   8.942603e-42   
1.138000e+01   8.959753e-42   
1.139000e+01   8.976919e-42   
1.140000e+01   8.994101e-42   
1.141000e+01   9.011297e-42   
1.142000e+01   9.028508e-42   
1.143000e+01   9.045735e-42   
1.144000e+01   9.062977e-42   
1.145000e+01   9.080234e-42   
1.146000e+01   9.097506e-42   
1.147000e+01   9.114793e-42   
1.148000e+01   9.132095e-42   
1.149000e+01   9.149413e-42   
1.150000e+01   9.166745e-42   
1.151000e+01   9.184093e-42   
1.152000e+01   9.201456e-42   
1.153000e+01   9.218834e-42   
1.154000e+01   9.236227e-42   
1.155000e+01   9.253635e-42   
1.156000e+01   9.271058e-42   
1.157000e+01   9.288497e-42   
1.158000e+01   9.305950e-42   
1.159000e+01   9.323419e-42   
1.160000e+01   9.340902e-42   
1.161000e+01   9.358401e-42   
1.162000e+01   9.375915e-42   
1.163000e+01   9.393443e-42   
1.164000e+01   9.410987e-42   
1.165000e+01   9.428546e-42   
1.166000e+01   9.446120e-42   
1.167000e+01   9.463710e-42   
1.168000e+01   9.481314e-42   
1.169000e+01   9.498933e-42   
1.170000e+01   9.516567e-42   
1.171000e+01   9.534217e-42   
1.172000e+01   9.551881e-42   
1.173000e+01   9.569561e-42   
1.174000e+01   9.587255e-42   
1.175000e+01   9.604965e-42   
1.176000e+01   9.622689e-42   
1.177000e+01   9.640429e-42   
1.178000e+01   9.658183e-42   
1.179000e+01   9.675953e-42   
1.180000e+01   9.693737e-42   
1.181000e+01   9.711537e-42   
1.182000e+01   9.729352e-42   
1.183000e+01   9.747181e-42   
1.184000e+01   9.765026e-42   
1.185000e+01   9.782886e-42   
1.186000e+01   9.800760e-42   
1.187000e+01   9.818650e-42   
1.188000e+01   9.836555e-42   
1.189000e+01   9.854474e-42   
1.190000e+01   9.872409e-42   
1.191000e+01   9.890358e-42   
1.192000e+01   9.908323e-42   
1.193000e+01   9.926303e-42   
1.194000e+01   9.944297e-42   
1.195000e+01   9.962306e-42   
1.196000e+01   9.980331e-42   
1.197000e+01   9.998370e-42   
1.198000e+01   1.001642e-41   
1.199000e+01   1.003449e-41   
1.200000e+01   1.005258e-41   
1.201000e+01   1.007068e-41   
1.202000e+01   1.008879e-41   
1.203000e+01   1.010692e-41   
1.204000e+01   1.012506e-41   
1.205000e+01   1.014322e-41   
1.206000e+01   1.016140e-41   
1.207000e+01   1.017959e-41   
1.208000e+01   1.019779e-41   
1.209000e+01   1.021601e-41   
1.210000e+01   1.023424e-41   
1.211000e+01   1.025249e-41   
1.212000e+01   1.027075e-41   
1.213000e+01   1.028903e-41   
1.214000e+01   1.030732e-41   
1.215000e+01   1.032563e-41   
1.216000e+01   1.034395e-41   
1.217000e+01   1.036229e-41   
1.218000e+01   1.038065e-41   
1.219000e+01   1.039901e-41   
1.220000e+01   1.041740e-41   
1.221000e+01   1.043579e-41   
1.222000e+01   1.045420e-41   
1.223000e+01   1.047263e-41   
1.224000e+01   1.049107e-41   
1.225000e+01   1.050953e-41   
1.226000e+01   1.052800e-41   
1.227000e+01   1.054649e-41   
1.228000e+01   1.056499e-41   
1.229000e+01   1.058350e-41   
1.230000e+01   1.060204e-41   
1.231000e+01   1.062058e-41   
1.232000e+01   1.063914e-41   
1.233000e+01   1.065772e-41   
1.234000e+01   1.067631e-41   
1.235000e+01   1.069491e-41   
1.236000e+01   1.071353e-41   
1.237000e+01   1.073217e-41   
1.238000e+01   1.075082e-41   
1.239000e+01   1.076948e-41   
1.240000e+01   1.078816e-41   
1.241000e+01   1.080685e-41   
1.242000e+01   1.082556e-41   
1.243000e+01   1.084429e-41   
1.244000e+01   1.086302e-41   
1.245000e+01   1.088178e-41   
1.246000e+01   1.090054e-41   
1.247000e+01   1.091933e-41   
1.248000e+01   1.093812e-41   
1.249000e+01   1.095694e-41   
1.250000e+01   1.097576e-41   
1.251000e+01   1.099461e-41   
1.252000e+01   1.101346e-41   
1.253000e+01   1.103233e-41   
1.254000e+01   1.105122e-41   
1.255000e+01   1.107012e-41   
1.256000e+01   1.108904e-41   
1.257000e+01   1.110797e-41   
1.258000e+01   1.112691e-41   
1.259000e+01   1.114587e-41   
1.260000e+01   1.116484e-41   
1.261000e+01   1.118383e-41   
1.262000e+01   1.120284e-41   
1.263000e+01   1.122186e-41   
1.264000e+01   1.124089e-41   
1.265000e+01   1.125994e-41   
1.266000e+01   1.127900e-41   
1.267000e+01   1.129808e-41   
1.268000e+01   1.131717e-41   
1.269000e+01   1.133628e-41   
1.270000e+01   1.135540e-41   
1.271000e+01   1.137453e-41   
1.272000e+01   1.139368e-41   
1.273000e+01   1.141285e-41   
1.274000e+01   1.143203e-41   
1.275000e+01   1.145122e-41   
1.276000e+01   1.147043e-41   
1.277000e+01   1.148966e-41   
1.278000e+01   1.150890e-41   
1.279000e+01   1.152815e-41   
1.280000e+01   1.154742e-41   
1.281000e+01   1.156670e-41   
1.282000e+01   1.158600e-41   
1.283000e+01   1.160531e-41   
1.284000e+01   1.162464e-41   
1.285000e+01   1.164398e-41   
1.286000e+01   1.166334e-41   
1.287000e+01   1.168271e-41   
1.288000e+01   1.170209e-41   
1.289000e+01   1.172149e-41   
1.290000e+01   1.174091e-41   
1.291000e+01   1.176034e-41   
1.292000e+01   1.177978e-41   
1.293000e+01   1.179924e-41   
1.294000e+01   1.181871e-41   
1.295000e+01   1.183820e-41   
1.296000e+01   1.185770e-41   
1.297000e+01   1.187722e-41   
1.298000e+01   1.189675e-41   
1.299000e+01   1.191630e-41   
1.300000e+01   1.193586e-41   
1.301000e+01   1.195543e-41   
1.302000e+01   1.197502e-41   
1.303000e+01   1.199463e-41   
1.304000e+01   1.201424e-41   
1.305000e+01   1.203388e-41   
1.306000e+01   1.205353e-41   
1.307000e+01   1.207319e-41   
1.308000e+01   1.209287e-41   
1.309000e+01   1.211256e-41   
1.310000e+01   1.213226e-41   
1.311000e+01   1.215198e-41   
1.312000e+01   1.217172e-41   
1.313000e+01   1.219147e-41   
1.314000e+01   1.221123e-41   
1.315000e+01   1.223101e-41   
1.316000e+01   1.225081e-41   
1.317000e+01   1.227061e-41   
1.318000e+01   1.229044e-41   
1.319000e+01   1.231027e-41   
1.320000e+01   1.233013e-41   
1.321000e+01   1.234999e-41   
1.322000e+01   1.236987e-41   
1.323000e+01   1.238977e-41   
1.324000e+01   1.240968e-41   
1.325000e+01   1.242960e-41   
1.326000e+01   1.244954e-41   
1.327000e+01   1.246949e-41   
1.328000e+01   1.248946e-41   
1.329000e+01   1.250944e-41   
1.330000e+01   1.252944e-41   
1.331000e+01   1.254945e-41   
1.332000e+01   1.256948e-41   
1.333000e+01   1.258952e-41   
1.334000e+01   1.260957e-41   
1.335000e+01   1.262964e-41   
1.336000e+01   1.264972e-41   
1.337000e+01   1.266982e-41   
1.338000e+01   1.268993e-41   
1.339000e+01   1.271006e-41   
1.340000e+01   1.273020e-41   
1.341000e+01   1.275036e-41   
1.342000e+01   1.277053e-41   
1.343000e+01   1.279071e-41   
1.344000e+01   1.281091e-41   
1.345000e+01   1.283112e-41   
1.346000e+01   1.285135e-41   
1.347000e+01   1.287159e-41   
1.348000e+01   1.289185e-41   
1.349000e+01   1.291212e-41   
1.350000e+01   1.293241e-41   
1.351000e+01   1.295271e-41   
1.352000e+01   1.297302e-41   
1.353000e+01   1.299335e-41   
1.354000e+01   1.301369e-41   
1.355000e+01   1.303405e-41   
1.356000e+01   1.305442e-41   
1.357000e+01   1.307481e-41   
1.358000e+01   1.309521e-41   
1.359000e+01   1.311562e-41   
1.360000e+01   1.313605e-41   
1.361000e+01   1.315650e-41   
1.362000e+01   1.317695e-41   
1.363000e+01   1.319743e-41   
1.364000e+01   1.321791e-41   
1.365000e+01   1.323842e-41   
1.366000e+01   1.325893e-41   
1.367000e+01   1.327946e-41   
1.368000e+01   1.330000e-41   
1.369000e+01   1.332056e-41   
1.370000e+01   1.334114e-41   
1.371000e+01   1.336172e-41   
1.372000e+01   1.338232e-41   
1.373000e+01   1.340294e-41   
1.374000e+01   1.342357e-41   
1.375000e+01   1.344422e-41   
1.376000e+01   1.346487e-41   
1.377000e+01   1.348555e-41   
1.378000e+01   1.350623e-41   
1.379000e+01   1.352694e-41   
1.380000e+01   1.354765e-41   
1.381000e+01   1.356838e-41   
1.382000e+01   1.358913e-41   
1.383000e+01   1.360989e-41   
1.384000e+01   1.363066e-41   
1.385000e+01   1.365145e-41   
1.386000e+01   1.367225e-41   
1.387000e+01   1.369307e-41   
1.388000e+01   1.371390e-41   
1.389000e+01   1.373474e-41   
1.390000e+01   1.375560e-41   
1.391000e+01   1.377647e-41   
1.392000e+01   1.379736e-41   
1.393000e+01   1.381826e-41   
1.394000e+01   1.383918e-41   
1.395000e+01   1.386011e-41   
1.396000e+01   1.388105e-41   
1.397000e+01   1.390201e-41   
1.398000e+01   1.392298e-41   
1.399000e+01   1.394397e-41   
1.400000e+01   1.396497e-41   
1.401000e+01   1.398599e-41   
1.402000e+01   1.400702e-41   
1.403000e+01   1.402806e-41   
1.404000e+01   1.404912e-41   
1.405000e+01   1.407019e-41   
1.406000e+01   1.409128e-41   
1.407000e+01   1.411238e-41   
1.408000e+01   1.413349e-41   
1.409000e+01   1.415462e-41   
1.410000e+01   1.417577e-41   
1.411000e+01   1.419692e-41   
1.412000e+01   1.421810e-41   
1.413000e+01   1.423928e-41   
1.414000e+01   1.426048e-41   
1.415000e+01   1.428170e-41   
1.416000e+01   1.430293e-41   
1.417000e+01   1.432417e-41   
1.418000e+01   1.434542e-41   
1.419000e+01   1.436670e-41   
1.420000e+01   1.438798e-41   
1.421000e+01   1.440928e-41   
1.422000e+01   1.443059e-41   
1.423000e+01   1.445192e-41   
1.424000e+01   1.447326e-41   
1.425000e+01   1.449462e-41   
1.426000e+01   1.451599e-41   
1.427000e+01   1.453737e-41   
1.428000e+01   1.455877e-41   
1.429000e+01   1.458018e-41   
1.430000e+01   1.460161e-41   
1.431000e+01   1.462305e-41   
1.432000e+01   1.464451e-41   
1.433000e+01   1.466598e-41   
1.434000e+01   1.468746e-41   
1.435000e+01   1.470896e-41   
1.436000e+01   1.473047e-41   
1.437000e+01   1.475199e-41   
1.438000e+01   1.477353e-41   
1.439000e+01   1.479509e-41   
1.440000e+01   1.481665e-41   
1.441000e+01   1.483823e-41   
1.442000e+01   1.485983e-41   
1.443000e+01   1.488144e-41   
1.444000e+01   1.490306e-41   
1.445000e+01   1.492470e-41   
1.446000e+01   1.494635e-41   
1.447000e+01   1.496802e-41   
1.448000e+01   1.498970e-41   
1.449000e+01   1.501140e-41   
1.450000e+01   1.503310e-41   
1.451000e+01   1.505483e-41   
1.452000e+01   1.507656e-41   
1.453000e+01   1.509831e-41   
1.454000e+01   1.512008e-41   
1.455000e+01   1.514186e-41   
1.456000e+01   1.516365e-41   
1.457000e+01   1.518545e-41   
1.458000e+01   1.520728e-41   
1.459000e+01   1.522911e-41   
1.460000e+01   1.525096e-41   
1.461000e+01   1.527282e-41   
1.462000e+01   1.529470e-41   
1.463000e+01   1.531659e-41   
1.464000e+01   1.533849e-41   
1.465000e+01   1.536041e-41   
1.466000e+01   1.538234e-41   
1.467000e+01   1.540429e-41   
1.468000e+01   1.542625e-41   
1.469000e+01   1.544823e-41   
1.470000e+01   1.547022e-41   
1.471000e+01   1.549222e-41   
1.472000e+01   1.551423e-41   
1.473000e+01   1.553627e-41   
1.474000e+01   1.555831e-41   
1.475000e+01   1.558037e-41   
1.476000e+01   1.560244e-41   
1.477000e+01   1.562453e-41   
1.478000e+01   1.564663e-41   
1.479000e+01   1.566874e-41   
1.480000e+01   1.569087e-41   
1.481000e+01   1.571301e-41   
1.482000e+01   1.573517e-41   
1.483000e+01   1.575734e-41   
1.484000e+01   1.577952e-41   
1.485000e+01   1.580172e-41   
1.486000e+01   1.582393e-41   
1.487000e+01   1.584616e-41   
1.488000e+01   1.586840e-41   
1.489000e+01   1.589065e-41   
1.490000e+01   1.591292e-41   
1.491000e+01   1.593520e-41   
1.492000e+01   1.595750e-41   
1.493000e+01   1.597980e-41   
1.494000e+01   1.600213e-41   
1.495000e+01   1.602446e-41   
1.496000e+01   1.604682e-41   
1.497000e+01   1.606918e-41   
1.498000e+01   1.609156e-41   
1.499000e+01   1.611395e-41   
1.500000e+01   1.613636e-41   
1.501000e+01   1.615878e-41   
1.502000e+01   1.618121e-41   
1.503000e+01   1.620366e-41   
1.504000e+01   1.622612e-41   
1.505000e+01   1.624860e-41   
1.506000e+01   1.627109e-41   
1.507000e+01   1.629359e-41   
1.508000e+01   1.631611e-41   
1.509000e+01   1.633864e-41   
1.510000e+01   1.636118e-41   
1.511000e+01   1.638374e-41   
1.512000e+01   1.640632e-41   
1.513000e+01   1.642890e-41   
1.514000e+01   1.645150e-41   
1.515000e+01   1.647412e-41   
1.516000e+01   1.649674e-41   
1.517000e+01   1.651939e-41   
1.518000e+01   1.654204e-41   
1.519000e+01   1.656471e-41   
1.520000e+01   1.658739e-41   
1.521000e+01   1.661009e-41   
1.522000e+01   1.663280e-41   
1.523000e+01   1.665553e-41   
1.524000e+01   1.667827e-41   
1.525000e+01   1.670102e-41   
1.526000e+01   1.672378e-41   
1.527000e+01   1.674656e-41   
1.528000e+01   1.676936e-41   
1.529000e+01   1.679216e-41   
1.530000e+01   1.681498e-41   
1.531000e+01   1.683782e-41   
1.532000e+01   1.686067e-41   
1.533000e+01   1.688353e-41   
1.534000e+01   1.690641e-41   
1.535000e+01   1.692930e-41   
1.536000e+01   1.695220e-41   
1.537000e+01   1.697512e-41   
1.538000e+01   1.699805e-41   
1.539000e+01   1.702099e-41   
1.540000e+01   1.704395e-41   
1.541000e+01   1.706692e-41   
1.542000e+01   1.708991e-41   
1.543000e+01   1.711291e-41   
1.544000e+01   1.713592e-41   
1.545000e+01   1.715895e-41   
1.546000e+01   1.718199e-41   
1.547000e+01   1.720505e-41   
1.548000e+01   1.722811e-41   
1.549000e+01   1.725120e-41   
1.550000e+01   1.727429e-41   
1.551000e+01   1.729740e-41   
1.552000e+01   1.732052e-41   
1.553000e+01   1.734366e-41   
1.554000e+01   1.736681e-41   
1.555000e+01   1.738997e-41   
1.556000e+01   1.741315e-41   
1.557000e+01   1.743634e-41   
1.558000e+01   1.745955e-41   
1.559000e+01   1.748277e-41   
1.560000e+01   1.750600e-41   
1.561000e+01   1.752925e-41   
1.562000e+01   1.755251e-41   
1.563000e+01   1.757578e-41   
1.564000e+01   1.759907e-41   
1.565000e+01   1.762237e-41   
1.566000e+01   1.764568e-41   
1.567000e+01   1.766901e-41   
1.568000e+01   1.769235e-41   
1.569000e+01   1.771571e-41   
1.570000e+01   1.773907e-41   
1.571000e+01   1.776246e-41   
1.572000e+01   1.778585e-41   
1.573000e+01   1.780926e-41   
1.574000e+01   1.783269e-41   
1.575000e+01   1.785612e-41   
1.576000e+01   1.787957e-41   
1.577000e+01   1.790304e-41   
1.578000e+01   1.792652e-41   
1.579000e+01   1.795001e-41   
1.580000e+01   1.797351e-41   
1.581000e+01   1.799703e-41   
1.582000e+01   1.802056e-41   
1.583000e+01   1.804411e-41   
1.584000e+01   1.806767e-41   
1.585000e+01   1.809124e-41   
1.586000e+01   1.811483e-41   
1.587000e+01   1.813843e-41   
1.588000e+01   1.816204e-41   
1.589000e+01   1.818567e-41   
1.590000e+01   1.820931e-41   
1.591000e+01   1.823296e-41   
1.592000e+01   1.825663e-41   
1.593000e+01   1.828031e-41   
1.594000e+01   1.830401e-41   
1.595000e+01   1.832771e-41   
1.596000e+01   1.835144e-41   
1.597000e+01   1.837517e-41   
1.598000e+01   1.839892e-41   
1.599000e+01   1.842268e-41   
1.600000e+01   1.844646e-41   
1.601000e+01   1.847025e-41   
1.602000e+01   1.849405e-41   
1.603000e+01   1.851787e-41   
1.604000e+01   1.854170e-41   
1.605000e+01   1.856554e-41   
1.606000e+01   1.858940e-41   
1.607000e+01   1.861327e-41   
1.608000e+01   1.863715e-41   
1.609000e+01   1.866105e-41   
1.610000e+01   1.868496e-41   
1.611000e+01   1.870888e-41   
1.612000e+01   1.873282e-41   
1.613000e+01   1.875677e-41   
1.614000e+01   1.878074e-41   
1.615000e+01   1.880472e-41   
1.616000e+01   1.882871e-41   
1.617000e+01   1.885271e-41   
1.618000e+01   1.887673e-41   
1.619000e+01   1.890077e-41   
1.620000e+01   1.892481e-41   
1.621000e+01   1.894887e-41   
1.622000e+01   1.897294e-41   
1.623000e+01   1.899703e-41   
1.624000e+01   1.902113e-41   
1.625000e+01   1.904524e-41   
1.626000e+01   1.906937e-41   
1.627000e+01   1.909351e-41   
1.628000e+01   1.911766e-41   
1.629000e+01   1.914183e-41   
1.630000e+01   1.916601e-41   
1.631000e+01   1.919020e-41   
1.632000e+01   1.921441e-41   
1.633000e+01   1.923863e-41   
1.634000e+01   1.926286e-41   
1.635000e+01   1.928711e-41   
1.636000e+01   1.931137e-41   
1.637000e+01   1.933564e-41   
1.638000e+01   1.935993e-41   
1.639000e+01   1.938423e-41   
1.640000e+01   1.940854e-41   
1.641000e+01   1.943287e-41   
1.642000e+01   1.945721e-41   
1.643000e+01   1.948156e-41   
1.644000e+01   1.950593e-41   
1.645000e+01   1.953031e-41   
1.646000e+01   1.955471e-41   
1.647000e+01   1.957911e-41   
1.648000e+01   1.960353e-41   
1.649000e+01   1.962797e-41   
1.650000e+01   1.965242e-41   
1.651000e+01   1.967688e-41   
1.652000e+01   1.970135e-41   
1.653000e+01   1.972584e-41   
1.654000e+01   1.975034e-41   
1.655000e+01   1.977485e-41   
1.656000e+01   1.979938e-41   
1.657000e+01   1.982392e-41   
1.658000e+01   1.984847e-41   
1.659000e+01   1.987304e-41   
1.660000e+01   1.989762e-41   
1.661000e+01   1.992222e-41   
1.662000e+01   1.994682e-41   
1.663000e+01   1.997144e-41   
1.664000e+01   1.999608e-41   
1.665000e+01   2.002073e-41   
1.666000e+01   2.004539e-41   
1.667000e+01   2.007006e-41   
1.668000e+01   2.009475e-41   
1.669000e+01   2.011945e-41   
1.670000e+01   2.014416e-41   
1.671000e+01   2.016889e-41   
1.672000e+01   2.019363e-41   
1.673000e+01   2.021838e-41   
1.674000e+01   2.024315e-41   
1.675000e+01   2.026793e-41   
1.676000e+01   2.029272e-41   
1.677000e+01   2.031753e-41   
1.678000e+01   2.034235e-41   
1.679000e+01   2.036718e-41   
1.680000e+01   2.039203e-41   
1.681000e+01   2.041688e-41   
1.682000e+01   2.044176e-41   
1.683000e+01   2.046664e-41   
1.684000e+01   2.049154e-41   
1.685000e+01   2.051645e-41   
1.686000e+01   2.054138e-41   
1.687000e+01   2.056632e-41   
1.688000e+01   2.059127e-41   
1.689000e+01   2.061623e-41   
1.690000e+01   2.064121e-41   
1.691000e+01   2.066620e-41   
1.692000e+01   2.069121e-41   
1.693000e+01   2.071623e-41   
1.694000e+01   2.074126e-41   
1.695000e+01   2.076630e-41   
1.696000e+01   2.079136e-41   
1.697000e+01   2.081643e-41   
1.698000e+01   2.084151e-41   
1.699000e+01   2.086661e-41   
1.700000e+01   2.089172e-41   
1.701000e+01   2.091684e-41   
1.702000e+01   2.094198e-41   
1.703000e+01   2.096713e-41   
1.704000e+01   2.099229e-41   
1.705000e+01   2.101747e-41   
1.706000e+01   2.104266e-41   
1.707000e+01   2.106786e-41   
1.708000e+01   2.109307e-41   
1.709000e+01   2.111830e-41   
1.710000e+01   2.114354e-41   
1.711000e+01   2.116880e-41   
1.712000e+01   2.119407e-41   
1.713000e+01   2.121935e-41   
1.714000e+01   2.124464e-41   
1.715000e+01   2.126995e-41   
1.716000e+01   2.129527e-41   
1.717000e+01   2.132060e-41   
1.718000e+01   2.134595e-41   
1.719000e+01   2.137131e-41   
1.720000e+01   2.139668e-41   
1.721000e+01   2.142207e-41   
1.722000e+01   2.144747e-41   
1.723000e+01   2.147288e-41   
1.724000e+01   2.149830e-41   
1.725000e+01   2.152374e-41   
1.726000e+01   2.154919e-41   
1.727000e+01   2.157466e-41   
1.728000e+01   2.160013e-41   
1.729000e+01   2.162562e-41   
1.730000e+01   2.165113e-41   
1.731000e+01   2.167664e-41   
1.732000e+01   2.170217e-41   
1.733000e+01   2.172771e-41   
1.734000e+01   2.175327e-41   
1.735000e+01   2.177884e-41   
1.736000e+01   2.180442e-41   
1.737000e+01   2.183002e-41   
1.738000e+01   2.185562e-41   
1.739000e+01   2.188124e-41   
1.740000e+01   2.190688e-41   
1.741000e+01   2.193252e-41   
1.742000e+01   2.195818e-41   
1.743000e+01   2.198386e-41   
1.744000e+01   2.200954e-41   
1.745000e+01   2.203524e-41   
1.746000e+01   2.206095e-41   
1.747000e+01   2.208668e-41   
1.748000e+01   2.211242e-41   
1.749000e+01   2.213817e-41   
1.750000e+01   2.216393e-41   
1.751000e+01   2.218971e-41   
1.752000e+01   2.221550e-41   
1.753000e+01   2.224130e-41   
1.754000e+01   2.226712e-41   
1.755000e+01   2.229294e-41   
1.756000e+01   2.231879e-41   
1.757000e+01   2.234464e-41   
1.758000e+01   2.237051e-41   
1.759000e+01   2.239639e-41   
1.760000e+01   2.242228e-41   
1.761000e+01   2.244819e-41   
1.762000e+01   2.247411e-41   
1.763000e+01   2.250004e-41   
1.764000e+01   2.252599e-41   
1.765000e+01   2.255194e-41   
1.766000e+01   2.257792e-41   
1.767000e+01   2.260390e-41   
1.768000e+01   2.262990e-41   
1.769000e+01   2.265591e-41   
1.770000e+01   2.268193e-41   
1.771000e+01   2.270797e-41   
1.772000e+01   2.273401e-41   
1.773000e+01   2.276008e-41   
1.774000e+01   2.278615e-41   
1.775000e+01   2.281224e-41   
1.776000e+01   2.283834e-41   
1.777000e+01   2.286445e-41   
1.778000e+01   2.289058e-41   
1.779000e+01   2.291672e-41   
1.780000e+01   2.294287e-41   
1.781000e+01   2.296903e-41   
1.782000e+01   2.299521e-41   
1.783000e+01   2.302140e-41   
1.784000e+01   2.304760e-41   
1.785000e+01   2.307382e-41   
1.786000e+01   2.310005e-41   
1.787000e+01   2.312629e-41   
1.788000e+01   2.315255e-41   
1.789000e+01   2.317881e-41   
1.790000e+01   2.320509e-41   
1.791000e+01   2.323139e-41   
1.792000e+01   2.325769e-41   
1.793000e+01   2.328401e-41   
1.794000e+01   2.331034e-41   
1.795000e+01   2.333669e-41   
1.796000e+01   2.336305e-41   
1.797000e+01   2.338942e-41   
1.798000e+01   2.341580e-41   
1.799000e+01   2.344220e-41   
1.800000e+01   2.346860e-41   
1.801000e+01   2.349503e-41   
1.802000e+01   2.352146e-41   
1.803000e+01   2.354791e-41   
1.804000e+01   2.357437e-41   
1.805000e+01   2.360084e-41   
1.806000e+01   2.362733e-41   
1.807000e+01   2.365382e-41   
1.808000e+01   2.368033e-41   
1.809000e+01   2.370686e-41   
1.810000e+01   2.373340e-41   
1.811000e+01   2.375994e-41   
1.812000e+01   2.378651e-41   
1.813000e+01   2.381308e-41   
1.814000e+01   2.383967e-41   
1.815000e+01   2.386627e-41   
1.816000e+01   2.389288e-41   
1.817000e+01   2.391951e-41   
1.818000e+01   2.394615e-41   
1.819000e+01   2.397280e-41   
1.820000e+01   2.399946e-41   
1.821000e+01   2.402614e-41   
1.822000e+01   2.405283e-41   
1.823000e+01   2.407953e-41   
1.824000e+01   2.410625e-41   
1.825000e+01   2.413298e-41   
1.826000e+01   2.415972e-41   
1.827000e+01   2.418647e-41   
1.828000e+01   2.421324e-41   
1.829000e+01   2.424001e-41   
1.830000e+01   2.426681e-41   
1.831000e+01   2.429361e-41   
1.832000e+01   2.432043e-41   
1.833000e+01   2.434726e-41   
1.834000e+01   2.437410e-41   
1.835000e+01   2.440095e-41   
1.836000e+01   2.442782e-41   
1.837000e+01   2.445470e-41   
1.838000e+01   2.448159e-41   
1.839000e+01   2.450850e-41   
1.840000e+01   2.453542e-41   
1.841000e+01   2.456235e-41   
1.842000e+01   2.458929e-41   
1.843000e+01   2.461625e-41   
1.844000e+01   2.464322e-41   
1.845000e+01   2.467020e-41   
1.846000e+01   2.469719e-41   
1.847000e+01   2.472420e-41   
1.848000e+01   2.475122e-41   
1.849000e+01   2.477825e-41   
1.850000e+01   2.480530e-41   
1.851000e+01   2.483236e-41   
1.852000e+01   2.485943e-41   
1.853000e+01   2.488651e-41   
1.854000e+01   2.491360e-41   
1.855000e+01   2.494071e-41   
1.856000e+01   2.496783e-41   
1.857000e+01   2.499497e-41   
1.858000e+01   2.502211e-41   
1.859000e+01   2.504927e-41   
1.860000e+01   2.507644e-41   
1.861000e+01   2.510362e-41   
1.862000e+01   2.513082e-41   
1.863000e+01   2.515803e-41   
1.864000e+01   2.518525e-41   
1.865000e+01   2.521248e-41   
1.866000e+01   2.523973e-41   
1.867000e+01   2.526699e-41   
1.868000e+01   2.529426e-41   
1.869000e+01   2.532155e-41   
1.870000e+01   2.534884e-41   
1.871000e+01   2.537615e-41   
1.872000e+01   2.540347e-41   
1.873000e+01   2.543081e-41   
1.874000e+01   2.545816e-41   
1.875000e+01   2.548551e-41   
1.876000e+01   2.551289e-41   
1.877000e+01   2.554027e-41   
1.878000e+01   2.556767e-41   
1.879000e+01   2.559508e-41   
1.880000e+01   2.562250e-41   
1.881000e+01   2.564994e-41   
1.882000e+01   2.567738e-41   
1.883000e+01   2.570484e-41   
1.884000e+01   2.573232e-41   
1.885000e+01   2.575980e-41   
1.886000e+01   2.578730e-41   
1.887000e+01   2.581481e-41   
1.888000e+01   2.584233e-41   
1.889000e+01   2.586986e-41   
1.890000e+01   2.589741e-41   
1.891000e+01   2.592497e-41   
1.892000e+01   2.595254e-41   
1.893000e+01   2.598013e-41   
1.894000e+01   2.600773e-41   
1.895000e+01   2.603534e-41   
1.896000e+01   2.606296e-41   
1.897000e+01   2.609059e-41   
1.898000e+01   2.611824e-41   
1.899000e+01   2.614590e-41   
1.900000e+01   2.617357e-41   
1.901000e+01   2.620126e-41   
1.902000e+01   2.622895e-41   
1.903000e+01   2.625666e-41   
1.904000e+01   2.628438e-41   
1.905000e+01   2.631212e-41   
1.906000e+01   2.633987e-41   
1.907000e+01   2.636762e-41   
1.908000e+01   2.639540e-41   
1.909000e+01   2.642318e-41   
1.910000e+01   2.645098e-41   
1.911000e+01   2.647879e-41   
1.912000e+01   2.650661e-41   
1.913000e+01   2.653444e-41   
1.914000e+01   2.656229e-41   
1.915000e+01   2.659015e-41   
1.916000e+01   2.661802e-41   
1.917000e+01   2.664590e-41   
1.918000e+01   2.667380e-41   
1.919000e+01   2.670170e-41   
1.920000e+01   2.672962e-41   
1.921000e+01   2.675756e-41   
1.922000e+01   2.678550e-41   
1.923000e+01   2.681346e-41   
1.924000e+01   2.684143e-41   
1.925000e+01   2.686941e-41   
1.926000e+01   2.689741e-41   
1.927000e+01   2.692542e-41   
1.928000e+01   2.695343e-41   
1.929000e+01   2.698147e-41   
1.930000e+01   2.700951e-41   
1.931000e+01   2.703757e-41   
1.932000e+01   2.706564e-41   
1.933000e+01   2.709372e-41   
1.934000e+01   2.712181e-41   
1.935000e+01   2.714992e-41   
1.936000e+01   2.717804e-41   
1.937000e+01   2.720617e-41   
1.938000e+01   2.723431e-41   
1.939000e+01   2.726246e-41   
1.940000e+01   2.729063e-41   
1.941000e+01   2.731881e-41   
1.942000e+01   2.734700e-41   
1.943000e+01   2.737521e-41   
1.944000e+01   2.740343e-41   
1.945000e+01   2.743165e-41   
1.946000e+01   2.745990e-41   
1.947000e+01   2.748815e-41   
1.948000e+01   2.751642e-41   
1.949000e+01   2.754469e-41   
1.950000e+01   2.757298e-41   
1.951000e+01   2.760129e-41   
1.952000e+01   2.762960e-41   
1.953000e+01   2.765793e-41   
1.954000e+01   2.768627e-41   
1.955000e+01   2.771462e-41   
1.956000e+01   2.774299e-41   
1.957000e+01   2.777136e-41   
1.958000e+01   2.779975e-41   
1.959000e+01   2.782815e-41   
1.960000e+01   2.785656e-41   
1.961000e+01   2.788499e-41   
1.962000e+01   2.791343e-41   
1.963000e+01   2.794188e-41   
1.964000e+01   2.797034e-41   
1.965000e+01   2.799881e-41   
1.966000e+01   2.802730e-41   
1.967000e+01   2.805580e-41   
1.968000e+01   2.808431e-41   
1.969000e+01   2.811283e-41   
1.970000e+01   2.814137e-41   
1.971000e+01   2.816992e-41   
1.972000e+01   2.819848e-41   
1.973000e+01   2.822705e-41   
1.974000e+01   2.825563e-41   
1.975000e+01   2.828423e-41   
1.976000e+01   2.831284e-41   
1.977000e+01   2.834146e-41   
1.978000e+01   2.837009e-41   
1.979000e+01   2.839874e-41   
1.980000e+01   2.842740e-41   
1.981000e+01   2.845606e-41   
1.982000e+01   2.848475e-41   
1.983000e+01   2.851344e-41   
1.984000e+01   2.854215e-41   
1.985000e+01   2.857086e-41   
1.986000e+01   2.859960e-41   
1.987000e+01   2.862834e-41   
1.988000e+01   2.865709e-41   
1.989000e+01   2.868586e-41   
1.990000e+01   2.871464e-41   
1.991000e+01   2.874343e-41   
1.992000e+01   2.877223e-41   
1.993000e+01   2.880105e-41   
1.994000e+01   2.882988e-41   
1.995000e+01   2.885872e-41   
1.996000e+01   2.888757e-41   
1.997000e+01   2.891643e-41   
1.998000e+01   2.894531e-41   
1.999000e+01   2.897419e-41   
2.000000e+01   2.900310e-41   
2.001000e+01   2.903201e-41   
2.002000e+01   2.906093e-41   
2.003000e+01   2.908987e-41   
2.004000e+01   2.911882e-41   
2.005000e+01   2.914778e-41   
2.006000e+01   2.917675e-41   
2.007000e+01   2.920574e-41   
2.008000e+01   2.923473e-41   
2.009000e+01   2.926374e-41   
2.010000e+01   2.929276e-41   
2.011000e+01   2.932180e-41   
2.012000e+01   2.935084e-41   
2.013000e+01   2.937990e-41   
2.014000e+01   2.940897e-41   
2.015000e+01   2.943805e-41   
2.016000e+01   2.946714e-41   
2.017000e+01   2.949625e-41   
2.018000e+01   2.952537e-41   
2.019000e+01   2.955449e-41   
2.020000e+01   2.958364e-41   
2.021000e+01   2.961279e-41   
2.022000e+01   2.964196e-41   
2.023000e+01   2.967113e-41   
2.024000e+01   2.970032e-41   
2.025000e+01   2.972952e-41   
2.026000e+01   2.975874e-41   
2.027000e+01   2.978796e-41   
2.028000e+01   2.981720e-41   
2.029000e+01   2.984645e-41   
2.030000e+01   2.987571e-41   
2.031000e+01   2.990499e-41   
2.032000e+01   2.993427e-41   
2.033000e+01   2.996357e-41   
2.034000e+01   2.999288e-41   
2.035000e+01   3.002220e-41   
2.036000e+01   3.005154e-41   
2.037000e+01   3.008088e-41   
2.038000e+01   3.011024e-41   
2.039000e+01   3.013961e-41   
2.040000e+01   3.016899e-41   
2.041000e+01   3.019838e-41   
2.042000e+01   3.022779e-41   
2.043000e+01   3.025721e-41   
2.044000e+01   3.028664e-41   
2.045000e+01   3.031608e-41   
2.046000e+01   3.034553e-41   
2.047000e+01   3.037500e-41   
2.048000e+01   3.040447e-41   
2.049000e+01   3.043396e-41   
2.050000e+01   3.046346e-41   
2.051000e+01   3.049298e-41   
2.052000e+01   3.052250e-41   
2.053000e+01   3.055204e-41   
2.054000e+01   3.058159e-41   
2.055000e+01   3.061115e-41   
2.056000e+01   3.064072e-41   
2.057000e+01   3.067031e-41   
2.058000e+01   3.069990e-41   
2.059000e+01   3.072951e-41   
2.060000e+01   3.075913e-41   
2.061000e+01   3.078876e-41   
2.062000e+01   3.081841e-41   
2.063000e+01   3.084806e-41   
2.064000e+01   3.087773e-41   
2.065000e+01   3.090741e-41   
2.066000e+01   3.093710e-41   
2.067000e+01   3.096680e-41   
2.068000e+01   3.099652e-41   
2.069000e+01   3.102625e-41   
2.070000e+01   3.105599e-41   
2.071000e+01   3.108574e-41   
2.072000e+01   3.111550e-41   
2.073000e+01   3.114527e-41   
2.074000e+01   3.117506e-41   
2.075000e+01   3.120486e-41   
2.076000e+01   3.123467e-41   
2.077000e+01   3.126449e-41   
2.078000e+01   3.129432e-41   
2.079000e+01   3.132417e-41   
2.080000e+01   3.135403e-41   
2.081000e+01   3.138390e-41   
2.082000e+01   3.141378e-41   
2.083000e+01   3.144367e-41   
2.084000e+01   3.147357e-41   
2.085000e+01   3.150349e-41   
2.086000e+01   3.153342e-41   
2.087000e+01   3.156336e-41   
2.088000e+01   3.159331e-41   
2.089000e+01   3.162327e-41   
2.090000e+01   3.165325e-41   
2.091000e+01   3.168324e-41   
2.092000e+01   3.171324e-41   
2.093000e+01   3.174325e-41   
2.094000e+01   3.177327e-41   
2.095000e+01   3.180330e-41   
2.096000e+01   3.183335e-41   
2.097000e+01   3.186341e-41   
2.098000e+01   3.189348e-41   
2.099000e+01   3.192356e-41   
2.100000e+01   3.195365e-41   
2.101000e+01   3.198376e-41   
2.102000e+01   3.201387e-41   
2.103000e+01   3.204400e-41   
2.104000e+01   3.207414e-41   
2.105000e+01   3.210429e-41   
2.106000e+01   3.213446e-41   
2.107000e+01   3.216463e-41   
2.108000e+01   3.219482e-41   
2.109000e+01   3.222502e-41   
2.110000e+01   3.225523e-41   
2.111000e+01   3.228545e-41   
2.112000e+01   3.231568e-41   
2.113000e+01   3.234593e-41   
2.114000e+01   3.237619e-41   
2.115000e+01   3.240646e-41   
2.116000e+01   3.243674e-41   
2.117000e+01   3.246703e-41   
2.118000e+01   3.249733e-41   
2.119000e+01   3.252765e-41   
2.120000e+01   3.255798e-41   
2.121000e+01   3.258832e-41   
2.122000e+01   3.261867e-41   
2.123000e+01   3.264903e-41   
2.124000e+01   3.267940e-41   
2.125000e+01   3.270979e-41   
2.126000e+01   3.274019e-41   
2.127000e+01   3.277060e-41   
2.128000e+01   3.280102e-41   
2.129000e+01   3.283145e-41   
2.130000e+01   3.286189e-41   
2.131000e+01   3.289235e-41   
2.132000e+01   3.292282e-41   
2.133000e+01   3.295330e-41   
2.134000e+01   3.298379e-41   
2.135000e+01   3.301429e-41   
2.136000e+01   3.304480e-41   
2.137000e+01   3.307533e-41   
2.138000e+01   3.310587e-41   
2.139000e+01   3.313641e-41   
2.140000e+01   3.316698e-41   
2.141000e+01   3.319755e-41   
2.142000e+01   3.322813e-41   
2.143000e+01   3.325873e-41   
2.144000e+01   3.328933e-41   
2.145000e+01   3.331995e-41   
2.146000e+01   3.335058e-41   
2.147000e+01   3.338122e-41   
2.148000e+01   3.341188e-41   
2.149000e+01   3.344254e-41   
2.150000e+01   3.347322e-41   
2.151000e+01   3.350391e-41   
2.152000e+01   3.353461e-41   
2.153000e+01   3.356532e-41   
2.154000e+01   3.359604e-41   
2.155000e+01   3.362677e-41   
2.156000e+01   3.365752e-41   
2.157000e+01   3.368828e-41   
2.158000e+01   3.371905e-41   
2.159000e+01   3.374983e-41   
2.160000e+01   3.378062e-41   
2.161000e+01   3.381142e-41   
2.162000e+01   3.384224e-41   
2.163000e+01   3.387306e-41   
2.164000e+01   3.390390e-41   
2.165000e+01   3.393475e-41   
2.166000e+01   3.396561e-41   
2.167000e+01   3.399648e-41   
2.168000e+01   3.402737e-41   
2.169000e+01   3.405826e-41   
2.170000e+01   3.408917e-41   
2.171000e+01   3.412009e-41   
2.172000e+01   3.415102e-41   
2.173000e+01   3.418196e-41   
2.174000e+01   3.421292e-41   
2.175000e+01   3.424388e-41   
2.176000e+01   3.427486e-41   
2.177000e+01   3.430584e-41   
2.178000e+01   3.433684e-41   
2.179000e+01   3.436785e-41   
2.180000e+01   3.439888e-41   
2.181000e+01   3.442991e-41   
2.182000e+01   3.446096e-41   
2.183000e+01   3.449201e-41   
2.184000e+01   3.452308e-41   
2.185000e+01   3.455416e-41   
2.186000e+01   3.458525e-41   
2.187000e+01   3.461635e-41   
2.188000e+01   3.464747e-41   
2.189000e+01   3.467859e-41   
2.190000e+01   3.470973e-41   
2.191000e+01   3.474088e-41   
2.192000e+01   3.477204e-41   
2.193000e+01   3.480321e-41   
2.194000e+01   3.483439e-41   
2.195000e+01   3.486558e-41   
2.196000e+01   3.489679e-41   
2.197000e+01   3.492801e-41   
2.198000e+01   3.495923e-41   
2.199000e+01   3.499047e-41   
2.200000e+01   3.502172e-41   
2.201000e+01   3.505299e-41   
2.202000e+01   3.508426e-41   
2.203000e+01   3.511555e-41   
2.204000e+01   3.514684e-41   
2.205000e+01   3.517815e-41   
2.206000e+01   3.520947e-41   
2.207000e+01   3.524080e-41   
2.208000e+01   3.527214e-41   
2.209000e+01   3.530349e-41   
2.210000e+01   3.533486e-41   
2.211000e+01   3.536624e-41   
2.212000e+01   3.539762e-41   
2.213000e+01   3.542902e-41   
2.214000e+01   3.546043e-41   
2.215000e+01   3.549185e-41   
2.216000e+01   3.552329e-41   
2.217000e+01   3.555473e-41   
2.218000e+01   3.558619e-41   
2.219000e+01   3.561765e-41   
2.220000e+01   3.564913e-41   
2.221000e+01   3.568062e-41   
2.222000e+01   3.571212e-41   
2.223000e+01   3.574363e-41   
2.224000e+01   3.577516e-41   
2.225000e+01   3.580669e-41   
2.226000e+01   3.583824e-41   
2.227000e+01   3.586980e-41   
2.228000e+01   3.590137e-41   
2.229000e+01   3.593295e-41   
2.230000e+01   3.596454e-41   
2.231000e+01   3.599614e-41   
2.232000e+01   3.602775e-41   
2.233000e+01   3.605938e-41   
2.234000e+01   3.609102e-41   
2.235000e+01   3.612266e-41   
2.236000e+01   3.615432e-41   
2.237000e+01   3.618599e-41   
2.238000e+01   3.621767e-41   
2.239000e+01   3.624937e-41   
2.240000e+01   3.628107e-41   
2.241000e+01   3.631279e-41   
2.242000e+01   3.634451e-41   
2.243000e+01   3.637625e-41   
2.244000e+01   3.640800e-41   
2.245000e+01   3.643976e-41   
2.246000e+01   3.647153e-41   
2.247000e+01   3.650332e-41   
2.248000e+01   3.653511e-41   
2.249000e+01   3.656692e-41   
2.250000e+01   3.659873e-41   
2.251000e+01   3.663056e-41   
2.252000e+01   3.666240e-41   
2.253000e+01   3.669425e-41   
2.254000e+01   3.672611e-41   
2.255000e+01   3.675798e-41   
2.256000e+01   3.678987e-41   
2.257000e+01   3.682176e-41   
2.258000e+01   3.685367e-41   
2.259000e+01   3.688559e-41   
2.260000e+01   3.691752e-41   
2.261000e+01   3.694946e-41   
2.262000e+01   3.698141e-41   
2.263000e+01   3.701337e-41   
2.264000e+01   3.704534e-41   
2.265000e+01   3.707733e-41   
2.266000e+01   3.710932e-41   
2.267000e+01   3.714133e-41   
2.268000e+01   3.717335e-41   
2.269000e+01   3.720538e-41   
2.270000e+01   3.723742e-41   
2.271000e+01   3.726947e-41   
2.272000e+01   3.730153e-41   
2.273000e+01   3.733361e-41   
2.274000e+01   3.736569e-41   
2.275000e+01   3.739779e-41   
2.276000e+01   3.742989e-41   
2.277000e+01   3.746201e-41   
2.278000e+01   3.749414e-41   
2.279000e+01   3.752628e-41   
2.280000e+01   3.755843e-41   
2.281000e+01   3.759060e-41   
2.282000e+01   3.762277e-41   
2.283000e+01   3.765496e-41   
2.284000e+01   3.768715e-41   
2.285000e+01   3.771936e-41   
2.286000e+01   3.775158e-41   
2.287000e+01   3.778381e-41   
2.288000e+01   3.781605e-41   
2.289000e+01   3.784830e-41   
2.290000e+01   3.788056e-41   
2.291000e+01   3.791284e-41   
2.292000e+01   3.794512e-41   
2.293000e+01   3.797742e-41   
2.294000e+01   3.800973e-41   
2.295000e+01   3.804205e-41   
2.296000e+01   3.807437e-41   
2.297000e+01   3.810672e-41   
2.298000e+01   3.813907e-41   
2.299000e+01   3.817143e-41   
2.300000e+01   3.820380e-41   
2.301000e+01   3.823619e-41   
2.302000e+01   3.826858e-41   
2.303000e+01   3.830099e-41   
2.304000e+01   3.833341e-41   
2.305000e+01   3.836584e-41   
2.306000e+01   3.839828e-41   
2.307000e+01   3.843073e-41   
2.308000e+01   3.846319e-41   
2.309000e+01   3.849566e-41   
2.310000e+01   3.852815e-41   
2.311000e+01   3.856064e-41   
2.312000e+01   3.859315e-41   
2.313000e+01   3.862566e-41   
2.314000e+01   3.865819e-41   
2.315000e+01   3.869073e-41   
2.316000e+01   3.872328e-41   
2.317000e+01   3.875584e-41   
2.318000e+01   3.878841e-41   
2.319000e+01   3.882100e-41   
2.320000e+01   3.885359e-41   
2.321000e+01   3.888620e-41   
2.322000e+01   3.891881e-41   
2.323000e+01   3.895144e-41   
2.324000e+01   3.898408e-41   
2.325000e+01   3.901673e-41   
2.326000e+01   3.904938e-41   
2.327000e+01   3.908206e-41   
2.328000e+01   3.911474e-41   
2.329000e+01   3.914743e-41   
2.330000e+01   3.918013e-41   
2.331000e+01   3.921285e-41   
2.332000e+01   3.924557e-41   
2.333000e+01   3.927831e-41   
2.334000e+01   3.931106e-41   
2.335000e+01   3.934382e-41   
2.336000e+01   3.937658e-41   
2.337000e+01   3.940936e-41   
2.338000e+01   3.944216e-41   
2.339000e+01   3.947496e-41   
2.340000e+01   3.950777e-41   
2.341000e+01   3.954059e-41   
2.342000e+01   3.957343e-41   
2.343000e+01   3.960627e-41   
2.344000e+01   3.963913e-41   
2.345000e+01   3.967200e-41   
2.346000e+01   3.970488e-41   
2.347000e+01   3.973777e-41   
2.348000e+01   3.977067e-41   
2.349000e+01   3.980358e-41   
2.350000e+01   3.983650e-41   
2.351000e+01   3.986943e-41   
2.352000e+01   3.990238e-41   
2.353000e+01   3.993533e-41   
2.354000e+01   3.996829e-41   
2.355000e+01   4.000127e-41   
2.356000e+01   4.003426e-41   
2.357000e+01   4.006726e-41   
2.358000e+01   4.010026e-41   
2.359000e+01   4.013328e-41   
2.360000e+01   4.016631e-41   
2.361000e+01   4.019936e-41   
2.362000e+01   4.023241e-41   
2.363000e+01   4.026547e-41   
2.364000e+01   4.029854e-41   
2.365000e+01   4.033163e-41   
2.366000e+01   4.036472e-41   
2.367000e+01   4.039783e-41   
2.368000e+01   4.043095e-41   
2.369000e+01   4.046408e-41   
2.370000e+01   4.049721e-41   
2.371000e+01   4.053036e-41   
2.372000e+01   4.056352e-41   
2.373000e+01   4.059669e-41   
2.374000e+01   4.062988e-41   
2.375000e+01   4.066307e-41   
2.376000e+01   4.069627e-41   
2.377000e+01   4.072949e-41   
2.378000e+01   4.076271e-41   
2.379000e+01   4.079595e-41   
2.380000e+01   4.082919e-41   
2.381000e+01   4.086245e-41   
2.382000e+01   4.089572e-41   
2.383000e+01   4.092900e-41   
2.384000e+01   4.096229e-41   
2.385000e+01   4.099559e-41   
2.386000e+01   4.102890e-41   
2.387000e+01   4.106222e-41   
2.388000e+01   4.109555e-41   
2.389000e+01   4.112890e-41   
2.390000e+01   4.116225e-41   
2.391000e+01   4.119562e-41   
2.392000e+01   4.122899e-41   
2.393000e+01   4.126238e-41   
2.394000e+01   4.129578e-41   
2.395000e+01   4.132918e-41   
2.396000e+01   4.136260e-41   
2.397000e+01   4.139603e-41   
2.398000e+01   4.142947e-41   
2.399000e+01   4.146292e-41   
2.400000e+01   4.149638e-41   
2.401000e+01   4.152985e-41   
2.402000e+01   4.156334e-41   
2.403000e+01   4.159683e-41   
2.404000e+01   4.163033e-41   
2.405000e+01   4.166385e-41   
2.406000e+01   4.169737e-41   
2.407000e+01   4.173091e-41   
2.408000e+01   4.176446e-41   
2.409000e+01   4.179801e-41   
2.410000e+01   4.183158e-41   
2.411000e+01   4.186516e-41   
2.412000e+01   4.189875e-41   
2.413000e+01   4.193235e-41   
2.414000e+01   4.196596e-41   
2.415000e+01   4.199958e-41   
2.416000e+01   4.203322e-41   
2.417000e+01   4.206686e-41   
2.418000e+01   4.210051e-41   
2.419000e+01   4.213418e-41   
2.420000e+01   4.216785e-41   
2.421000e+01   4.220154e-41   
2.422000e+01   4.223523e-41   
2.423000e+01   4.226894e-41   
2.424000e+01   4.230265e-41   
2.425000e+01   4.233638e-41   
2.426000e+01   4.237012e-41   
2.427000e+01   4.240387e-41   
2.428000e+01   4.243763e-41   
2.429000e+01   4.247140e-41   
2.430000e+01   4.250518e-41   
2.431000e+01   4.253897e-41   
2.432000e+01   4.257277e-41   
2.433000e+01   4.260659e-41   
2.434000e+01   4.264041e-41   
2.435000e+01   4.267424e-41   
2.436000e+01   4.270809e-41   
2.437000e+01   4.274194e-41   
2.438000e+01   4.277581e-41   
2.439000e+01   4.280968e-41   
2.440000e+01   4.284357e-41   
2.441000e+01   4.287747e-41   
2.442000e+01   4.291138e-41   
2.443000e+01   4.294529e-41   
2.444000e+01   4.297922e-41   
2.445000e+01   4.301316e-41   
2.446000e+01   4.304711e-41   
2.447000e+01   4.308107e-41   
2.448000e+01   4.311504e-41   
2.449000e+01   4.314902e-41   
2.450000e+01   4.318302e-41   
2.451000e+01   4.321702e-41   
2.452000e+01   4.325103e-41   
2.453000e+01   4.328506e-41   
2.454000e+01   4.331909e-41   
2.455000e+01   4.335313e-41   
2.456000e+01   4.338719e-41   
2.457000e+01   4.342125e-41   
2.458000e+01   4.345533e-41   
2.459000e+01   4.348942e-41   
2.460000e+01   4.352351e-41   
2.461000e+01   4.355762e-41   
2.462000e+01   4.359174e-41   
2.463000e+01   4.362587e-41   
2.464000e+01   4.366001e-41   
2.465000e+01   4.369416e-41   
2.466000e+01   4.372832e-41   
2.467000e+01   4.376249e-41   
2.468000e+01   4.379667e-41   
2.469000e+01   4.383086e-41   
2.470000e+01   4.386506e-41   
2.471000e+01   4.389927e-41   
2.472000e+01   4.393350e-41   
2.473000e+01   4.396773e-41   
2.474000e+01   4.400197e-41   
2.475000e+01   4.403623e-41   
2.476000e+01   4.407049e-41   
2.477000e+01   4.410477e-41   
2.478000e+01   4.413905e-41   
2.479000e+01   4.417335e-41   
2.480000e+01   4.420765e-41   
2.481000e+01   4.424197e-41   
2.482000e+01   4.427630e-41   
2.483000e+01   4.431064e-41   
2.484000e+01   4.434498e-41   
2.485000e+01   4.437934e-41   
2.486000e+01   4.441371e-41   
2.487000e+01   4.444809e-41   
2.488000e+01   4.448248e-41   
2.489000e+01   4.451688e-41   
2.490000e+01   4.455129e-41   
2.491000e+01   4.458571e-41   
2.492000e+01   4.462014e-41   
2.493000e+01   4.465458e-41   
2.494000e+01   4.468903e-41   
2.495000e+01   4.472350e-41   
2.496000e+01   4.475797e-41   
2.497000e+01   4.479245e-41   
2.498000e+01   4.482695e-41   
2.499000e+01   4.486145e-41   
2.500000e+01   4.489596e-41   
2.501000e+01   4.493049e-41   
2.502000e+01   4.496502e-41   
2.503000e+01   4.499957e-41   
2.504000e+01   4.503412e-41   
2.505000e+01   4.506869e-41   
2.506000e+01   4.510326e-41   
2.507000e+01   4.513785e-41   
2.508000e+01   4.517245e-41   
2.509000e+01   4.520705e-41   
2.510000e+01   4.524167e-41   
2.511000e+01   4.527630e-41   
2.512000e+01   4.531094e-41   
2.513000e+01   4.534559e-41   
2.514000e+01   4.538024e-41   
2.515000e+01   4.541491e-41   
2.516000e+01   4.544959e-41   
2.517000e+01   4.548428e-41   
2.518000e+01   4.551898e-41   
2.519000e+01   4.555369e-41   
2.520000e+01   4.558841e-41   
2.521000e+01   4.562314e-41   
2.522000e+01   4.565788e-41   
2.523000e+01   4.569263e-41   
2.524000e+01   4.572740e-41   
2.525000e+01   4.576217e-41   
2.526000e+01   4.579695e-41   
2.527000e+01   4.583174e-41   
2.528000e+01   4.586654e-41   
2.529000e+01   4.590136e-41   
2.530000e+01   4.593618e-41   
2.531000e+01   4.597101e-41   
2.532000e+01   4.600586e-41   
2.533000e+01   4.604071e-41   
2.534000e+01   4.607557e-41   
2.535000e+01   4.611045e-41   
2.536000e+01   4.614533e-41   
2.537000e+01   4.618023e-41   
2.538000e+01   4.621513e-41   
2.539000e+01   4.625005e-41   
2.540000e+01   4.628497e-41   
2.541000e+01   4.631991e-41   
2.542000e+01   4.635485e-41   
2.543000e+01   4.638981e-41   
2.544000e+01   4.642478e-41   
2.545000e+01   4.645975e-41   
2.546000e+01   4.649474e-41   
2.547000e+01   4.652974e-41   
2.548000e+01   4.656474e-41   
2.549000e+01   4.659976e-41   
2.550000e+01   4.663479e-41   
2.551000e+01   4.666982e-41   
2.552000e+01   4.670487e-41   
2.553000e+01   4.673993e-41   
2.554000e+01   4.677500e-41   
2.555000e+01   4.681008e-41   
2.556000e+01   4.684516e-41   
2.557000e+01   4.688026e-41   
2.558000e+01   4.691537e-41   
2.559000e+01   4.695049e-41   
2.560000e+01   4.698562e-41   
2.561000e+01   4.702076e-41   
2.562000e+01   4.705591e-41   
2.563000e+01   4.709107e-41   
2.564000e+01   4.712624e-41   
2.565000e+01   4.716141e-41   
2.566000e+01   4.719660e-41   
2.567000e+01   4.723180e-41   
2.568000e+01   4.726701e-41   
2.569000e+01   4.730223e-41   
2.570000e+01   4.733746e-41   
2.571000e+01   4.737270e-41   
2.572000e+01   4.740795e-41   
2.573000e+01   4.744322e-41   
2.574000e+01   4.747849e-41   
2.575000e+01   4.751377e-41   
2.576000e+01   4.754906e-41   
2.577000e+01   4.758436e-41   
2.578000e+01   4.761967e-41   
2.579000e+01   4.765499e-41   
2.580000e+01   4.769032e-41   
2.581000e+01   4.772566e-41   
2.582000e+01   4.776101e-41   
2.583000e+01   4.779637e-41   
2.584000e+01   4.783175e-41   
2.585000e+01   4.786713e-41   
2.586000e+01   4.790252e-41   
2.587000e+01   4.793792e-41   
2.588000e+01   4.797333e-41   
2.589000e+01   4.800875e-41   
2.590000e+01   4.804418e-41   
2.591000e+01   4.807963e-41   
2.592000e+01   4.811508e-41   
2.593000e+01   4.815054e-41   
2.594000e+01   4.818601e-41   
2.595000e+01   4.822149e-41   
2.596000e+01   4.825698e-41   
2.597000e+01   4.829249e-41   
2.598000e+01   4.832800e-41   
2.599000e+01   4.836352e-41   
2.600000e+01   4.839905e-41   
2.601000e+01   4.843459e-41   
2.602000e+01   4.847015e-41   
2.603000e+01   4.850571e-41   
2.604000e+01   4.854128e-41   
2.605000e+01   4.857686e-41   
2.606000e+01   4.861245e-41   
2.607000e+01   4.864805e-41   
2.608000e+01   4.868367e-41   
2.609000e+01   4.871929e-41   
2.610000e+01   4.875492e-41   
2.611000e+01   4.879056e-41   
2.612000e+01   4.882621e-41   
2.613000e+01   4.886187e-41   
2.614000e+01   4.889755e-41   
2.615000e+01   4.893323e-41   
2.616000e+01   4.896892e-41   
2.617000e+01   4.900462e-41   
2.618000e+01   4.904033e-41   
2.619000e+01   4.907605e-41   
2.620000e+01   4.911178e-41   
2.621000e+01   4.914752e-41   
2.622000e+01   4.918328e-41   
2.623000e+01   4.921904e-41   
2.624000e+01   4.925481e-41   
2.625000e+01   4.929059e-41   
2.626000e+01   4.932638e-41   
2.627000e+01   4.936218e-41   
2.628000e+01   4.939799e-41   
2.629000e+01   4.943381e-41   
2.630000e+01   4.946964e-41   
2.631000e+01   4.950548e-41   
2.632000e+01   4.954133e-41   
2.633000e+01   4.957719e-41   
2.634000e+01   4.961306e-41   
2.635000e+01   4.964894e-41   
2.636000e+01   4.968483e-41   
2.637000e+01   4.972073e-41   
2.638000e+01   4.975664e-41   
2.639000e+01   4.979256e-41   
2.640000e+01   4.982849e-41   
2.641000e+01   4.986443e-41   
2.642000e+01   4.990038e-41   
2.643000e+01   4.993633e-41   
2.644000e+01   4.997230e-41   
2.645000e+01   5.000828e-41   
2.646000e+01   5.004427e-41   
2.647000e+01   5.008027e-41   
2.648000e+01   5.011628e-41   
2.649000e+01   5.015229e-41   
2.650000e+01   5.018832e-41   
2.651000e+01   5.022436e-41   
2.652000e+01   5.026041e-41   
2.653000e+01   5.029646e-41   
2.654000e+01   5.033253e-41   
2.655000e+01   5.036861e-41   
2.656000e+01   5.040469e-41   
2.657000e+01   5.044079e-41   
2.658000e+01   5.047689e-41   
2.659000e+01   5.051301e-41   
2.660000e+01   5.054914e-41   
2.661000e+01   5.058527e-41   
2.662000e+01   5.062142e-41   
2.663000e+01   5.065757e-41   
2.664000e+01   5.069374e-41   
2.665000e+01   5.072991e-41   
2.666000e+01   5.076610e-41   
2.667000e+01   5.080229e-41   
2.668000e+01   5.083849e-41   
2.669000e+01   5.087471e-41   
2.670000e+01   5.091093e-41   
2.671000e+01   5.094716e-41   
2.672000e+01   5.098341e-41   
2.673000e+01   5.101966e-41   
2.674000e+01   5.105592e-41   
2.675000e+01   5.109220e-41   
2.676000e+01   5.112848e-41   
2.677000e+01   5.116477e-41   
2.678000e+01   5.120107e-41   
2.679000e+01   5.123738e-41   
2.680000e+01   5.127370e-41   
2.681000e+01   5.131003e-41   
2.682000e+01   5.134637e-41   
2.683000e+01   5.138272e-41   
2.684000e+01   5.141908e-41   
2.685000e+01   5.145545e-41   
2.686000e+01   5.149183e-41   
2.687000e+01   5.152822e-41   
2.688000e+01   5.156462e-41   
2.689000e+01   5.160103e-41   
2.690000e+01   5.163745e-41   
2.691000e+01   5.167387e-41   
2.692000e+01   5.171031e-41   
2.693000e+01   5.174676e-41   
2.694000e+01   5.178322e-41   
2.695000e+01   5.181968e-41   
2.696000e+01   5.185616e-41   
2.697000e+01   5.189264e-41   
2.698000e+01   5.192914e-41   
2.699000e+01   5.196564e-41   
2.700000e+01   5.200216e-41   
2.701000e+01   5.203868e-41   
2.702000e+01   5.207522e-41   
2.703000e+01   5.211176e-41   
2.704000e+01   5.214831e-41   
2.705000e+01   5.218488e-41   
2.706000e+01   5.222145e-41   
2.707000e+01   5.225803e-41   
2.708000e+01   5.229462e-41   
2.709000e+01   5.233122e-41   
2.710000e+01   5.236784e-41   
2.711000e+01   5.240446e-41   
2.712000e+01   5.244109e-41   
2.713000e+01   5.247773e-41   
2.714000e+01   5.251438e-41   
2.715000e+01   5.255104e-41   
2.716000e+01   5.258770e-41   
2.717000e+01   5.262438e-41   
2.718000e+01   5.266107e-41   
2.719000e+01   5.269777e-41   
2.720000e+01   5.273448e-41   
2.721000e+01   5.277119e-41   
2.722000e+01   5.280792e-41   
2.723000e+01   5.284465e-41   
2.724000e+01   5.288140e-41   
2.725000e+01   5.291815e-41   
2.726000e+01   5.295492e-41   
2.727000e+01   5.299169e-41   
2.728000e+01   5.302848e-41   
2.729000e+01   5.306527e-41   
2.730000e+01   5.310207e-41   
2.731000e+01   5.313889e-41   
2.732000e+01   5.317571e-41   
2.733000e+01   5.321254e-41   
2.734000e+01   5.324938e-41   
2.735000e+01   5.328623e-41   
2.736000e+01   5.332309e-41   
2.737000e+01   5.335996e-41   
2.738000e+01   5.339684e-41   
2.739000e+01   5.343373e-41   
2.740000e+01   5.347063e-41   
2.741000e+01   5.350753e-41   
2.742000e+01   5.354445e-41   
2.743000e+01   5.358138e-41   
2.744000e+01   5.361831e-41   
2.745000e+01   5.365526e-41   
2.746000e+01   5.369221e-41   
2.747000e+01   5.372918e-41   
2.748000e+01   5.376615e-41   
2.749000e+01   5.380314e-41   
2.750000e+01   5.384013e-41   
2.751000e+01   5.387713e-41   
2.752000e+01   5.391414e-41   
2.753000e+01   5.395117e-41   
2.754000e+01   5.398820e-41   
2.755000e+01   5.402524e-41   
2.756000e+01   5.406229e-41   
2.757000e+01   5.409935e-41   
2.758000e+01   5.413642e-41   
2.759000e+01   5.417349e-41   
2.760000e+01   5.421058e-41   
2.761000e+01   5.424768e-41   
2.762000e+01   5.428479e-41   
2.763000e+01   5.432190e-41   
2.764000e+01   5.435903e-41   
2.765000e+01   5.439616e-41   
2.766000e+01   5.443331e-41   
2.767000e+01   5.447046e-41   
2.768000e+01   5.450762e-41   
2.769000e+01   5.454480e-41   
2.770000e+01   5.458198e-41   
2.771000e+01   5.461917e-41   
2.772000e+01   5.465637e-41   
2.773000e+01   5.469358e-41   
2.774000e+01   5.473080e-41   
2.775000e+01   5.476803e-41   
2.776000e+01   5.480527e-41   
2.777000e+01   5.484252e-41   
2.778000e+01   5.487977e-41   
2.779000e+01   5.491704e-41   
2.780000e+01   5.495432e-41   
2.781000e+01   5.499160e-41   
2.782000e+01   5.502890e-41   
2.783000e+01   5.506620e-41   
2.784000e+01   5.510351e-41   
2.785000e+01   5.514084e-41   
2.786000e+01   5.517817e-41   
2.787000e+01   5.521551e-41   
2.788000e+01   5.525286e-41   
2.789000e+01   5.529022e-41   
2.790000e+01   5.532759e-41   
2.791000e+01   5.536497e-41   
2.792000e+01   5.540236e-41   
2.793000e+01   5.543976e-41   
2.794000e+01   5.547716e-41   
2.795000e+01   5.551458e-41   
2.796000e+01   5.555200e-41   
2.797000e+01   5.558944e-41   
2.798000e+01   5.562688e-41   
2.799000e+01   5.566434e-41   
2.800000e+01   5.570180e-41   
2.801000e+01   5.573927e-41   
2.802000e+01   5.577675e-41   
2.803000e+01   5.581424e-41   
2.804000e+01   5.585174e-41   
2.805000e+01   5.588925e-41   
2.806000e+01   5.592677e-41   
2.807000e+01   5.596430e-41   
2.808000e+01   5.600184e-41   
2.809000e+01   5.603938e-41   
2.810000e+01   5.607694e-41   
2.811000e+01   5.611451e-41   
2.812000e+01   5.615208e-41   
2.813000e+01   5.618966e-41   
2.814000e+01   5.622726e-41   
2.815000e+01   5.626486e-41   
2.816000e+01   5.630247e-41   
2.817000e+01   5.634009e-41   
2.818000e+01   5.637772e-41   
2.819000e+01   5.641536e-41   
2.820000e+01   5.645301e-41   
2.821000e+01   5.649066e-41   
2.822000e+01   5.652833e-41   
2.823000e+01   5.656601e-41   
2.824000e+01   5.660369e-41   
2.825000e+01   5.664139e-41   
2.826000e+01   5.667909e-41   
2.827000e+01   5.671680e-41   
2.828000e+01   5.675453e-41   
2.829000e+01   5.679226e-41   
2.830000e+01   5.683000e-41   
2.831000e+01   5.686775e-41   
2.832000e+01   5.690551e-41   
2.833000e+01   5.694327e-41   
2.834000e+01   5.698105e-41   
2.835000e+01   5.701884e-41   
2.836000e+01   5.705663e-41   
2.837000e+01   5.709444e-41   
2.838000e+01   5.713225e-41   
2.839000e+01   5.717008e-41   
2.840000e+01   5.720791e-41   
2.841000e+01   5.724575e-41   
2.842000e+01   5.728360e-41   
2.843000e+01   5.732146e-41   
2.844000e+01   5.735933e-41   
2.845000e+01   5.739721e-41   
2.846000e+01   5.743509e-41   
2.847000e+01   5.747299e-41   
2.848000e+01   5.751090e-41   
2.849000e+01   5.754881e-41   
2.850000e+01   5.758673e-41   
2.851000e+01   5.762467e-41   
2.852000e+01   5.766261e-41   
2.853000e+01   5.770056e-41   
2.854000e+01   5.773852e-41   
2.855000e+01   5.777649e-41   
2.856000e+01   5.781447e-41   
2.857000e+01   5.785246e-41   
2.858000e+01   5.789045e-41   
2.859000e+01   5.792846e-41   
2.860000e+01   5.796648e-41   
2.861000e+01   5.800450e-41   
2.862000e+01   5.804253e-41   
2.863000e+01   5.808057e-41   
2.864000e+01   5.811863e-41   
2.865000e+01   5.815669e-41   
2.866000e+01   5.819476e-41   
2.867000e+01   5.823283e-41   
2.868000e+01   5.827092e-41   
2.869000e+01   5.830902e-41   
2.870000e+01   5.834713e-41   
2.871000e+01   5.838524e-41   
2.872000e+01   5.842336e-41   
2.873000e+01   5.846150e-41   
2.874000e+01   5.849964e-41   
2.875000e+01   5.853779e-41   
2.876000e+01   5.857595e-41   
2.877000e+01   5.861412e-41   
2.878000e+01   5.865230e-41   
2.879000e+01   5.869049e-41   
2.880000e+01   5.872868e-41   
2.881000e+01   5.876689e-41   
2.882000e+01   5.880510e-41   
2.883000e+01   5.884332e-41   
2.884000e+01   5.888156e-41   
2.885000e+01   5.891980e-41   
2.886000e+01   5.895805e-41   
2.887000e+01   5.899631e-41   
2.888000e+01   5.903458e-41   
2.889000e+01   5.907285e-41   
2.890000e+01   5.911114e-41   
2.891000e+01   5.914944e-41   
2.892000e+01   5.918774e-41   
2.893000e+01   5.922605e-41   
2.894000e+01   5.926438e-41   
2.895000e+01   5.930271e-41   
2.896000e+01   5.934105e-41   
2.897000e+01   5.937940e-41   
2.898000e+01   5.941776e-41   
2.899000e+01   5.945612e-41   
2.900000e+01   5.949450e-41   
2.901000e+01   5.953288e-41   
2.902000e+01   5.957128e-41   
2.903000e+01   5.960968e-41   
2.904000e+01   5.964809e-41   
2.905000e+01   5.968651e-41   
2.906000e+01   5.972494e-41   
2.907000e+01   5.976338e-41   
2.908000e+01   5.980183e-41   
2.909000e+01   5.984029e-41   
2.910000e+01   5.987875e-41   
2.911000e+01   5.991723e-41   
2.912000e+01   5.995571e-41   
2.913000e+01   5.999420e-41   
2.914000e+01   6.003270e-41   
2.915000e+01   6.007121e-41   
2.916000e+01   6.010973e-41   
2.917000e+01   6.014826e-41   
2.918000e+01   6.018680e-41   
2.919000e+01   6.022534e-41   
2.920000e+01   6.026390e-41   
2.921000e+01   6.030246e-41   
2.922000e+01   6.034104e-41   
2.923000e+01   6.037962e-41   
2.924000e+01   6.041821e-41   
2.925000e+01   6.045681e-41   
2.926000e+01   6.049541e-41   
2.927000e+01   6.053403e-41   
2.928000e+01   6.057266e-41   
2.929000e+01   6.061129e-41   
2.930000e+01   6.064993e-41   
2.931000e+01   6.068859e-41   
2.932000e+01   6.072725e-41   
2.933000e+01   6.076592e-41   
2.934000e+01   6.080460e-41   
2.935000e+01   6.084328e-41   
2.936000e+01   6.088198e-41   
2.937000e+01   6.092069e-41   
2.938000e+01   6.095940e-41   
2.939000e+01   6.099812e-41   
2.940000e+01   6.103686e-41   
2.941000e+01   6.107560e-41   
2.942000e+01   6.111435e-41   
2.943000e+01   6.115310e-41   
2.944000e+01   6.119187e-41   
2.945000e+01   6.123065e-41   
2.946000e+01   6.126943e-41   
2.947000e+01   6.130823e-41   
2.948000e+01   6.134703e-41   
2.949000e+01   6.138584e-41   
2.950000e+01   6.142466e-41   
2.951000e+01   6.146349e-41   
2.952000e+01   6.150232e-41   
2.953000e+01   6.154117e-41   
2.954000e+01   6.158003e-41   
2.955000e+01   6.161889e-41   
2.956000e+01   6.165776e-41   
2.957000e+01   6.169664e-41   
2.958000e+01   6.173553e-41   
2.959000e+01   6.177443e-41   
2.960000e+01   6.181334e-41   
2.961000e+01   6.185226e-41   
2.962000e+01   6.189118e-41   
2.963000e+01   6.193011e-41   
2.964000e+01   6.196906e-41   
2.965000e+01   6.200801e-41   
2.966000e+01   6.204697e-41   
2.967000e+01   6.208594e-41   
2.968000e+01   6.212491e-41   
2.969000e+01   6.216390e-41   
2.970000e+01   6.220290e-41   
2.971000e+01   6.224190e-41   
2.972000e+01   6.228091e-41   
2.973000e+01   6.231993e-41   
2.974000e+01   6.235896e-41   
2.975000e+01   6.239800e-41   
2.976000e+01   6.243705e-41   
2.977000e+01   6.247610e-41   
2.978000e+01   6.251517e-41   
2.979000e+01   6.255424e-41   
2.980000e+01   6.259332e-41   
2.981000e+01   6.263241e-41   
2.982000e+01   6.267151e-41   
2.983000e+01   6.271062e-41   
2.984000e+01   6.274974e-41   
2.985000e+01   6.278886e-41   
2.986000e+01   6.282800e-41   
2.987000e+01   6.286714e-41   
2.988000e+01   6.290629e-41   
2.989000e+01   6.294545e-41   
2.990000e+01   6.298462e-41   
2.991000e+01   6.302380e-41   
2.992000e+01   6.306298e-41   
2.993000e+01   6.310218e-41   
2.994000e+01   6.314138e-41   
2.995000e+01   6.318059e-41   
2.996000e+01   6.321981e-41   
2.997000e+01   6.325904e-41   
2.998000e+01   6.329828e-41   
2.999000e+01   6.333753e-41   
3.000000e+01   6.337678e-41   
3.001000e+01   6.341604e-41   
3.002000e+01   6.345532e-41   
3.003000e+01   6.349460e-41   
3.004000e+01   6.353389e-41   
3.005000e+01   6.357318e-41   
3.006000e+01   6.361249e-41   
3.007000e+01   6.365180e-41   
3.008000e+01   6.369113e-41   
3.009000e+01   6.373046e-41   
3.010000e+01   6.376980e-41   
3.011000e+01   6.380915e-41   
3.012000e+01   6.384851e-41   
3.013000e+01   6.388788e-41   
3.014000e+01   6.392725e-41   
3.015000e+01   6.396663e-41   
3.016000e+01   6.400603e-41   
3.017000e+01   6.404543e-41   
3.018000e+01   6.408484e-41   
3.019000e+01   6.412425e-41   
3.020000e+01   6.416368e-41   
3.021000e+01   6.420312e-41   
3.022000e+01   6.424256e-41   
3.023000e+01   6.428201e-41   
3.024000e+01   6.432147e-41   
3.025000e+01   6.436094e-41   
3.026000e+01   6.440042e-41   
3.027000e+01   6.443990e-41   
3.028000e+01   6.447940e-41   
3.029000e+01   6.451890e-41   
3.030000e+01   6.455841e-41   
3.031000e+01   6.459793e-41   
3.032000e+01   6.463746e-41   
3.033000e+01   6.467700e-41   
3.034000e+01   6.471655e-41   
3.035000e+01   6.475610e-41   
3.036000e+01   6.479566e-41   
3.037000e+01   6.483523e-41   
3.038000e+01   6.487481e-41   
3.039000e+01   6.491440e-41   
3.040000e+01   6.495400e-41   
3.041000e+01   6.499360e-41   
3.042000e+01   6.503322e-41   
3.043000e+01   6.507284e-41   
3.044000e+01   6.511247e-41   
3.045000e+01   6.515211e-41   
3.046000e+01   6.519176e-41   
3.047000e+01   6.523141e-41   
3.048000e+01   6.527108e-41   
3.049000e+01   6.531075e-41   
3.050000e+01   6.535043e-41   
3.051000e+01   6.539012e-41   
3.052000e+01   6.542982e-41   
3.053000e+01   6.546952e-41   
3.054000e+01   6.550924e-41   
3.055000e+01   6.554896e-41   
3.056000e+01   6.558869e-41   
3.057000e+01   6.562843e-41   
3.058000e+01   6.566818e-41   
3.059000e+01   6.570794e-41   
3.060000e+01   6.574771e-41   
3.061000e+01   6.578748e-41   
3.062000e+01   6.582726e-41   
3.063000e+01   6.586705e-41   
3.064000e+01   6.590685e-41   
3.065000e+01   6.594666e-41   
3.066000e+01   6.598647e-41   
3.067000e+01   6.602630e-41   
3.068000e+01   6.606613e-41   
3.069000e+01   6.610597e-41   
3.070000e+01   6.614582e-41   
3.071000e+01   6.618568e-41   
3.072000e+01   6.622554e-41   
3.073000e+01   6.626542e-41   
3.074000e+01   6.630530e-41   
3.075000e+01   6.634519e-41   
3.076000e+01   6.638509e-41   
3.077000e+01   6.642500e-41   
3.078000e+01   6.642500e-41   
